63671
908895
169041
320953
357387
449333
897015
206341
40272
754122
709608
956606
567526
589600
605358
970301
130175
930345
80231
56102
34083
718705
422681
71505
327279
281191
248720
729366
170563
545944
871847
868285
544477
149608
633167
68883
272546
19489
488814
911391
436548
801737
564836
247319
876275
189649
173473
927231
595004
298554
130357
880345
42553
589350
479338
344965
486213
97535
993673
76195
200613
167648
35777
494328
882275
841322
412129
417918
956432
536475
697755
110686
441531
168840
619554
232346
153868
175362
195230
137630
107718
321489
134362
872008
415586
991501
825731
955127
670270
288202
582669
175010
25815
412618
710778
268899
765959
70508
365044
34952
777519
755555
970798
58529
600798
19671
438813
873713
969795
246992
191097
310851
902304
856042
968477
879124
33286
163769
78741
890773
15591
457001
747648
668230
953805
522744
84870
28913
458061
350655
466386
83360
810318
160277
360110
352162
350690
75833
271210
395914
552688
952017
985331
423277
97104
271817
272706
169773
444141
831654
235612
602190
991766
474270
19361
320518
7907
302568
104723
78053
934801
409900
415651
619140
780605
107736
500533
742027
495932
616314
528433
957453
892558
682826
338085
63573
471669
324370
571125
681988
250038
915097
584772
626407
115042
864195
91593
336047
140916
39592
344255
48121
971110
193156
461112
142787
536366
366191
642671
989368
771284
530678
673840
827826
303220
278159
709632
308940
136185
955787
848848
683536
731443
422735
828015
19704
825128
789243
504098
916409
16143
164485
601110
456339
272058
480312
986343
699401
221713
195297
527207
105478
681698
581757
910703
719359
241256
756945
323187
836882
154563
782653
199862
185129
190744
660718
316678
548375
365141
441408
317659
747122
862092
726261
973224
606799
929568
217501
555767
822907
291816
10230
87226
940887
428579
743369
1838
149685
512031
108655
778448
68182
466056
667215
761846
233490
964622
415980
265595
611339
163633
437968
334259
780305
877638
780085
243385
955436
608532
303903
789791
23754
201177
500279
545066
144333
695426
258975
756550
447374
658880
166992
36343
256486
662960
249476
281066
194877
964415
739734
642177
513588
951905
944427
659274
853847
675970
306920
63249
648493
499983
46401
541153
208128
318864
754693
867005
965776
122148
617513
538063
705646
659430
818220
952459
996641
401624
77773
117345
628161
499019
48508
991021
868798
661725
276202
71849
256749
841005
691218
468362
388506
195726
108056
947391
612479
625839
828214
937622
908266
382471
315289
72728
346902
201670
936531
854157
133685
991968
662633
452223
598197
189575
435087
149474
451475
55380
672354
546402
42661
682844
610255
124770
430929
149150
149557
509920
551374
870829
339979
370801
573410
140150
209078
245690
183729
975779
644118
667127
725194
422045
938163
264781
178372
238995
870164
198930
760639
958581
495916
557099
953484
281811
894960
225422
772216
190519
641799
197751
52113
426610
302783
262855
651989
291831
878812
458046
980496
189396
965745
475695
411261
5227
821208
620616
744680
345474
946398
191933
278986
950626
749281
592792
374913
782880
417316
291598
245189
983656
473474
993210
333980
446367
615014
298583
119261
675307
612791
886540
360182
412118
218433
571242
992835
20220
145837
948257
460603
274344
480741
426742
244120
449865
918765
101486
677329
709990
887942
869108
874514
587214
212856
996840
715922
972535
141715
964894
390213
522624
501354
69372
732682
59858
831751
866868
732192
178038
599956
354692
637043
469059
830994
970845
502914
46732
749089
884115
527602
513527
621254
409270
787365
743683
12025
772968
199261
221593
855319
20300
878505
180943
558044
937979
772990
411368
694059
184262
618114
51897
369294
499290
110033
533249
232065
405455
756220
242011
493926
669190
223445
257599
437292
876685
901370
92083
282007
988998
47832
58782
667606
510599
322719
579656
476187
456099
911015
893015
197855
91545
352672
564826
266001
475704
144233
121963
299236
254115
511618
606570
16748
957250
727667
186128
796854
620905
743651
681358
36609
680906
129360
705060
136430
559331
384290
858694
176571
530377
57062
775965
494440
863204
44156
402380
316518
658618
991598
961587
732452
779406
792846
27892
477380
441262
42034
710356
782931
136590
782801
855281
712448
229657
856406
516948
962184
647611
428396
706669
91414
285538
945392
768859
197052
735652
112130
153543
913093
325287
869610
138235
629306
782064
948905
257202
888059
101468
227680
695167
517296
673933
75762
39980
747576
201780
63517
264782
6798
527207
440195
668906
230222
284928
870172
446914
834014
23987
830839
741728
329131
888491
797262
457644
266979
644565
225974
930384
280751
599203
628889
860716
419931
733228
189373
417480
209775
905411
21282
995272
672134
847347
146744
385886
885091
200703
908013
344377
911891
501990
423187
864071
270628
485951
366035
628805
876671
618118
773001
103010
975805
133133
984031
407595
898317
579478
248975
496993
95555
452692
237139
928603
2704
835567
69593
481784
741746
411376
572553
66275
736552
881597
18492
778761
176015
764817
590088
933979
367192
560567
540809
591657
132410
918272
19466
539001
863316
739149
487568
305612
951728
411020
248821
459199
264851
494584
861366
435060
416358
884251
887058
465294
45564
706725
366458
94208
114640
205269
231579
133500
989390
314995
129800
534988
911882
645482
796192
84432
816101
530592
618468
2597
923807
266940
114547
325531
632775
559293
513909
681431
903450
155027
517621
482941
673509
75514
546092
425685
551814
925257
424360
658046
507570
354068
316222
636732
281220
713833
547316
619369
698391
776934
618959
885766
265782
884460
541487
778624
592177
40926
461433
555347
691360
550148
230049
834362
797374
646858
861478
836368
99389
370507
532618
890843
106231
960421
495027
569738
950718
477814
44311
918941
11976
894540
983039
126516
536068
631855
217158
789048
534027
767467
833507
510887
463824
869013
966686
957421
124019
481859
839358
634361
852354
710948
519979
327883
244316
728115
779534
305360
389433
971748
827905
114362
996614
542491
543370
796820
567108
103533
298293
165519
429699
72430
302340
331922
537000
21730
427018
237218
993735
537605
445719
468858
638456
409949
66586
301028
374560
655155
882199
807952
852320
911797
399615
562278
939561
719144
514272
921332
325642
169865
390313
20486
183565
673839
204662
779924
408607
188057
790883
222586
301096
542316
311625
851827
526028
359046
475905
586665
475905
242342
422259
911953
221333
490341
313198
517901
672814
740062
392360
817855
507457
505686
911575
823870
147292
425233
285293
964617
205287
286661
892420
186503
864272
659613
506855
310004
600172
547787
36249
580515
243238
927607
445427
83300
747606
478360
799152
693224
360640
686760
107110
668545
795697
973027
715128
795410
630740
487754
704535
100795
73753
511288
381377
189243
349921
235756
47680
561719
983485
3194
917728
125026
703812
811844
574616
579849
60258
828275
76264
668932
626080
592068
603976
518527
179551
223875
390806
891244
944485
711445
679263
112418
843252
935454
506761
731950
546230
256184
733379
511849
430679
237433
709738
357446
769031
982083
964732
983852
398410
135278
735151
802465
411490
35603
474714
481684
907311
862850
9691
126045
844950
156436
617234
272040
323930
805310
281774
768358
305083
842666
33619
804074
94896
564414
238253
388647
882330
246530
749495
197468
259142
406954
492833
809206
976293
876797
700927
807648
460739
25077
824638
683379
246492
607333
666899
274242
620198
437698
33515
963721
700309
196374
678768
555744
101659
931077
707569
847076
797350
86066
599354
660780
113355
812223
866902
437996
663602
808028
295746
447132
104383
474125
307618
280005
18027
350239
557581
487562
897514
964010
768449
444631
213015
785773
497159
62768
728185
937089
707546
45216
169228
853850
10298
374672
425722
163858
570024
434269
740431
228903
610640
812170
141951
586382
859337
226183
888756
398763
537716
751420
373495
220007
949561
833339
317617
154723
447765
327581
315064
804134
709810
726513
100481
250530
277904
250532
463827
932945
854282
854169
780214
123312
747131
668611
353370
956279
302679
626632
926435
270975
174012
329422
399372
956126
671720
949221
904289
176958
57055
270999
716092
242443
119205
936296
519092
884127
711688
891420
308478
608805
762356
955810
544480
683547
971205
250183
472875
280950
479969
361338
852043
821133
401145
44088
630122
380388
327140
144355
578810
328682
346243
286868
875890
583283
138077
537771
4106
810834
149518
469243
244591
411258
318154
317630
508619
218202
784942
715825
984921
421537
476345
623338
696989
695717
418956
894958
841297
75116
306174
138703
556986
567333
312610
979795
262561
475488
79919
961197
545469
433433
246076
662041
131431
10725
116747
440784
502979
83515
535468
411920
595446
611314
159434
157272
852337
722904
589878
180173
164326
243118
696474
928989
504660
10814
912256
677258
98648
338358
55068
33131
138282
823744
170356
551487
175460
814304
491907
686263
578969
978172
391979
757782
539648
894254
543257
945672
407899
155337
127457
539657
885609
899745
796870
302350
736959
317086
157381
120616
98469
439489
342136
164620
28446
502337
273637
771701
440958
607946
981812
38033
230997
903614
601203
186154
851139
938692
389341
610405
467557
966583
269359
943310
210900
515411
147521
238536
26874
868005
814528
858373
656922
371290
587794
139480
636035
227358
729335
37310
620616
771555
504714
799952
173525
89424
308659
981995
298542
610716
451211
798266
927745
546975
653059
131885
170130
398825
953719
513035
354815
35100
744827
572952
793417
123438
381110
859707
315820
461722
550118
623780
209357
352030
989788
696002
461869
469406
769784
121476
206751
165526
939994
416157
416793
16261
930628
109947
718230
455908
969350
237209
273639
216300
682494
585515
26727
931761
6534
50087
708313
448951
666175
836819
60598
827430
588909
575714
557186
957057
670016
700723
629041
832242
306283
189289
95106
328669
156158
777155
192809
271163
141476
859911
492371
312908
350141
993057
669535
404273
669274
530107
462871
719697
413162
757799
499351
103174
355559
589363
427352
354914
552760
761173
785892
268627
608168
441396
910016
493205
490409
698057
775602
229379
857277
437150
307475
806263
344447
747689
477289
595852
906178
152913
287782
139908
237852
909343
419080
548483
689937
991931
973110
566795
349803
837895
718403
380302
74019
223744
704739
908744
83040
176330
913863
971216
754504
233492
862420
976012
450324
693087
758727
607869
112073
831500
448736
399846
473390
645983
30775
698825
22316
361533
803267
498477
724947
208807
879575
19381
718746
927172
732244
120703
42950
568544
512811
729847
239049
316566
385403
4359
46922
443067
98158
996849
233204
365240
454721
518302
389159
318556
906911
428035
192969
5914
886428
721507
373062
415386
246268
545697
353916
843039
257265
523151
960843
638023
564919
543529
318688
718888
160796
156824
260579
26415
651902
579248
263374
806418
265273
359706
754085
361272
630222
400190
20260
304208
927733
37036
682115
791304
356785
823663
70297
839706
650443
203883
185802
575007
36006
595180
800321
911192
199614
670271
157759
750087
167456
166554
354011
307180
458132
566644
150112
886562
791612
992643
212817
857075
502891
656635
710290
527883
861413
527383
362102
337133
86526
420873
375971
448019
393445
688367
770411
670092
559384
842892
161658
959950
242430
270172
136752
761179
683024
374935
333172
790141
673550
183735
48093
657799
991066
328727
72115
379371
884890
272438
49778
672230
308168
820626
663561
746582
790582
905992
913735
769764
796232
480020
327177
948719
830984
252866
614644
232718
519882
949111
844858
486478
194211
571960
663582
902790
372779
718171
456952
64718
616251
391040
785202
286946
793114
489427
651782
421803
606611
390169
970596
777031
461199
563407
993909
193530
856558
99374
826814
738200
714082
839397
859488
935779
427579
563300
478018
736207
157044
760771
373803
72410
449040
849017
153513
405191
694817
40231
155605
341557
601084
192841
626106
129713
978514
67827
25278
630804
578051
470051
46232
273404
891356
718752
350635
776853
531552
849423
859366
229813
11409
915574
264759
845840
16365
898185
327991
612182
409893
588717
498712
816327
943769
485257
137115
521241
213291
729774
957264
359752
538021
847214
158156
686993
714538
100398
181054
730287
498381
376659
873638
845394
180864
925791
330147
685510
928081
780266
113347
80328
739835
413095
220910
989333
971338
229905
329635
406098
581636
829393
563562
801778
892158
499614
691791
164194
757417
577765
131301
915967
717131
597704
113801
33233
715079
653318
635462
17977
155109
451605
593159
433024
616426
876935
619916
124925
626303
168822
715654
484633
770762
774955
148650
668987
813097
71860
953235
681249
233999
165953
928092
350316
648964
197380
363197
142131
299294
187677
274254
318019
594442
311658
250989
130030
236234
130537
185351
15222
879698
566866
537891
588595
862111
646667
145204
942176
449053
444813
220136
643218
700082
954213
783977
989156
523513
242843
784060
419045
513738
477784
825630
438626
894568
397634
890191
459104
523966
18619
432753
682560
886509
938013
801551
667133
628061
339497
488204
2297
52176
421020
693078
854481
967540
631036
617937
640229
527680
261832
606517
993390
346477
766305
501484
401913
741235
99265
694026
464476
756476
686100
418210
430433
12059
537576
756708
762069
152661
116844
361095
184016
754639
781762
366869
92717
784706
971149
471085
263532
779697
249962
931423
262133
412102
439363
336082
120203
436528
399638
925898
528795
645470
23727
245820
366076
2810
262645
842421
429964
874327
855867
487567
410836
900736
422500
238751
564714
399436
408766
617207
770085
628180
430494
684779
506513
754676
156076
18331
572696
201493
636505
325540
753023
190946
832299
538545
730911
535942
792
89907
522061
128727
41120
389204
923830
762394
520587
361397
989601
200611
771368
720767
27762
782431
155812
900615
214976
338948
739306
611400
846734
244314
269725
228471
237822
530326
734544
219889
68437
883955
507840
28772
398643
318859
95146
641357
587059
41289
760949
744118
234088
794679
28729
372084
430124
915737
297778
970592
35133
931683
323569
391962
796635
389392
243172
277747
859002
812648
151382
393503
27850
300698
292959
105646
692771
742596
322124
708902
687285
514454
313555
173686
577999
995188
377312
52054
215584
897641
798347
322084
232547
763951
184755
136753
560385
115878
232137
9250
75686
817398
782355
774410
889906
367445
716268
933390
501719
923083
679312
687528
593613
588876
283307
520679
618128
149883
813962
801447
12080
191118
62162
961361
14301
829297
160955
263898
115942
156206
545261
576893
510459
312873
633215
869886
732098
539145
283779
210554
278919
443921
550335
292501
218328
110818
728470
643671
480644
664076
518625
410502
301915
430690
997170
884568
755236
820994
760109
60609
206489
452369
817447
345512
377821
102419
177069
280740
955660
413421
788580
78982
866103
603408
522527
568158
640782
769661
743032
903483
100826
517284
783254
451865
637581
134759
274978
79768
315702
748647
114649
911104
779035
223170
4064
826550
626473
204822
914679
115909
933749
447730
688010
67223
875495
439642
544398
698506
908162
429011
243785
985574
77961
856626
959782
689204
669114
365582
707931
243062
827440
97300
965037
207013
298771
877476
299946
642932
599344
695976
941684
435960
854982
627123
969733
653096
829274
716030
576370
197939
590360
576471
171606
886691
504861
129074
833142
922409
263388
314859
157435
260891
496891
671616
288468
836449
482693
480996
768451
998018
139695
901465
99162
212186
487327
807825
130592
450838
886892
306685
859930
953084
789211
509991
652702
250969
925694
78346
702152
169696
44334
377536
379544
284485
538540
680792
939068
183365
338654
133284
170403
348277
947579
578352
58244
688895
477309
959419
399364
697036
998481
382303
35517
956702
454928
204351
471680
986900
18914
37499
910754
404346
778844
598755
953683
762158
521921
814677
673645
806534
868756
947227
112184
753608
136282
511652
5505
210859
451747
963807
773660
966274
678981
5116
171214
662030
342019
422841
829556
334188
209112
952168
164451
301155
222529
766056
569433
348823
624668
296085
166973
662631
285773
592829
828279
51254
270119
281909
820420
943276
198846
260821
535152
55106
263839
944480
725364
773728
427540
291653
420138
99079
985121
339457
597422
916588
782775
811029
531078
370225
942219
656681
586190
155661
796833
111028
680501
86152
176836
119960
391911
60110
602420
886280
135342
948290
417016
109344
37315
278049
40691
795704
921283
333015
875946
67894
677510
946316
995407
911690
268479
459090
750830
450194
1056
542165
674630
379490
258273
152810
263978
639212
596891
307580
899741
360028
496658
98840
204115
649131
499572
673430
773713
253029
329534
146514
735397
253175
279715
728939
433517
734184
90744
265146
851480
932821
309279
152226
885223
593176
273659
37525
851071
884504
14070
401478
198813
613703
433273
515918
571235
578669
742201
346275
412118
595048
685376
497801
120660
854542
806768
421455
99775
529334
719293
529794
548468
331745
456099
966920
50749
344432
213617
610938
375472
462046
822359
889208
238959
928055
947701
121693
819902
763796
157703
854848
991983
744468
853027
256432
247444
811478
31565
30681
786407
852204
937750
321736
165211
484276
853010
867067
157604
466352
465168
226803
365052
131262
970803
950071
772688
796168
258842
192605
906841
685074
601552
335978
371630
864444
537810
803999
478717
199666
719476
239271
312867
182936
824530
523267
524296
500623
723996
754682
75045
80633
964089
353549
298628
930900
489795
860720
773664
902956
483744
451275
552635
838960
123840
101333
250652
601771
950105
300767
946465
49010
388350
957937
746876
225897
913935
182116
306731
447536
425774
272064
72172
504159
117560
826207
720985
248002
37350
440730
374649
677089
30335
575760
715922
268200
686635
473907
59095
723197
272615
922524
550517
423229
808217
26034
692282
6151
606673
72730
16964
307679
553989
326128
477181
211679
379103
48476
721399
297632
380347
2649
564421
509375
926117
269375
18675
812589
242015
478675
539262
440028
123020
583534
174920
503250
721547
648942
695942
91525
133924
714834
641329
964619
423765
66969
123100
704206
98579
504242
889097
638158
752507
761463
342849
269966
358102
41142
497111
538841
7359
879693
764135
127998
533468
576935
184659
970454
151207
973931
490132
730160
352534
629874
163707
665513
361320
599802
85609
859147
146275
314468
714010
737773
589577
901103
687521
361556
240684
904954
145147
680404
151831
157100
84165
254231
950698
513330
431150
846829
882310
152645
552999
124648
14109
158936
285624
122633
597756
677335
908646
758299
955533
637963
392566
692891
165683
26361
538420
632365
889414
823102
729770
246253
828783
809727
578329
195433
545708
909475
714815
847989
168652
238779
976837
993629
761469
589362
723663
430641
615478
564888
763800
563349
996308
386847
724871
513867
764534
391274
88548
924336
974910
798784
957415
59208
422875
306746
295864
204382
580606
90191
576924
688280
962520
60656
589647
716753
661126
398936
931422
576321
302698
107778
16887
324526
59301
166420
249944
441935
84856
64462
430899
154433
820927
790478
873079
369867
281364
917628
570753
454723
293497
519281
850034
525287
987963
75520
600828
935651
797200
8118
852741
365597
459852
512227
621638
867131
781897
632889
999907
256454
56801
853929
119525
516144
659292
422491
867352
172041
187577
219780
435389
743497
828183
476698
282823
783416
257744
491600
336563
983780
565591
314292
644735
76738
211721
65301
694580
308700
168840
5948
587970
648475
917721
314298
397921
439567
399755
333890
865994
565471
208167
428787
748074
577419
572728
109243
537414
983153
229403
838221
609387
290296
296326
16126
690862
742508
209194
42787
304423
593990
727910
558652
3201
181629
631810
786914
825776
513884
78776
843255
383660
923853
625605
771091
775612
136804
566218
67315
504009
102477
527887
711427
79296
330618
396561
297673
352149
901594
623435
655413
230373
356968
29467
272004
837561
649515
425585
566444
945609
785814
283467
23529
904377
386148
454561
685533
664690
525234
240514
554058
176289
141878
538778
201945
66103
16483
479356
672583
785068
334136
434764
924181
890448
423363
612881
26692
894386
353601
933529
126097
711218
999773
121706
718194
819010
504357
807049
693148
876057
711027
632982
826914
661080
69377
479123
88495
818189
827521
205900
821078
170158
753002
781376
611472
351049
359285
133080
481013
773266
427868
791146
311089
591705
114416
842839
176515
20172
820584
382934
561745
209433
786208
796526
74040
701154
607850
263101
821071
944239
524386
208503
66864
147701
112451
955938
958216
218397
510233
367144
459725
371277
326036
919881
448188
919880
321893
235209
546663
226538
302608
68323
997605
444587
644155
611644
383950
956476
707336
910318
743199
96183
312009
536774
248880
219365
724282
163388
479253
158478
884623
958118
509938
453439
923209
190468
883397
866326
348337
154159
379261
372641
716438
594532
641631
456062
210897
622277
503545
500807
571987
1740
511061
599915
623945
363541
59267
789261
671001
228823
195598
158504
755955
388184
341914
344489
558384
544165
521377
453687
728247
517624
608138
553176
531057
370557
379745
717476
895143
792817
8467
102004
659842
978446
586490
882883
447057
910023
829494
559667
131200
94135
195324
119514
958560
220756
616685
328253
252618
297141
897678
666732
100899
49858
772559
54363
393601
957884
68857
253387
983796
341790
894118
878184
220355
93593
498662
777509
801694
459031
897432
648361
714670
961710
322486
634111
322299
488623
594615
310301
753871
51491
464858
598001
895139
341735
1105
609983
205886
532127
489281
489172
841165
576107
575870
789409
200016
317139
899158
864966
722093
839176
526559
793586
399709
249316
952061
139189
727371
138447
732063
904977
363268
758556
499515
932305
876932
296117
983045
878620
92488
888678
571622
269566
969750
408259
807196
138563
385839
533077
434095
5160
589464
729648
588207
914694
524931
671271
198291
645822
389673
861915
882611
67438
800063
584303
125903
82608
76591
643565
912477
903898
334094
20538
772477
833415
267554
256992
823836
991450
442120
813498
753350
194294
704352
726903
315513
633619
170349
584820
407373
205660
97825
337222
488947
230573
6066
504183
469503
385446
282355
724587
61971
742273
620599
530196
671066
568926
957170
754792
647140
267938
847435
206841
203702
576174
108565
688316
363086
73160
268790
492284
912259
491770
236192
706816
806072
996871
531591
541904
827348
763370
787489
438390
709094
717532
751526
11076
573695
174155
55837
746586
676448
415556
937679
139434
358224
890984
133520
912772
122007
317749
141097
396342
116655
790071
812328
570200
506080
913783
724123
674194
37335
415266
927444
883770
480449
409045
497746
486169
824647
97488
114621
188930
17323
522204
815835
496703
554090
96758
348591
915088
863351
618818
419897
509598
622272
391146
321734
919023
905204
181326
504996
659912
450032
381642
709250
261182
488112
53909
658984
949179
393237
647350
88124
24518
203127
952166
379019
594451
974235
315625
16109
409322
565191
809035
810843
418517
995368
417845
261498
89302
87311
578723
580965
643321
592492
454709
738898
635681
812953
554652
8590
500181
437773
399412
521850
216000
530693
395378
306470
670105
12127
727282
944787
589579
165216
95674
94720
640996
570798
290733
265813
70266
792410
569682
861868
814514
66385
444803
432026
748418
213268
743338
781498
419583
307034
515927
971548
165779
287184
594843
887823
599990
111374
591392
77174
360028
633935
991385
478105
496818
359989
97901
64882
522219
288838
938323
707771
868091
537543
707335
149615
85890
963352
558052
456837
268789
945784
525204
282545
649288
124125
928941
353811
975955
402910
665823
958892
201018
492507
501840
180579
74999
966698
935207
388428
115366
678455
259278
130744
368710
808156
103457
628235
579849
445228
801933
636637
553322
134554
808385
414244
108731
708840
828816
372693
431047
744090
88927
119309
623015
979431
506752
375583
35703
526756
74615
119192
28145
169623
341471
590333
686505
394459
913834
841131
20668
300706
773962
530727
600976
29185
405570
66463
684121
87595
71848
366159
137881
562514
957381
371276
589528
139969
507729
389278
301404
727873
592531
53093
370613
682741
608492
383698
793083
218052
727738
714271
795005
987684
352024
130341
970127
558200
518332
593829
573861
440288
691461
948107
454907
708455
981310
465630
212242
970194
805
546536
886729
524556
539727
292794
708174
720868
160114
918235
420693
21871
273380
466069
359857
357576
571154
150196
210489
827039
401148
31328
621636
913900
815417
861115
36411
644424
598185
662157
701430
142861
171456
822888
217246
181202
827542
270449
447957
59230
422167
249258
398086
600097
173135
551990
166908
225392
588250
97331
137301
831114
255141
385202
569046
969477
924900
972829
709139
678611
256383
63750
122683
497956
216804
277831
850415
450491
248823
178655
530034
300704
702238
151259
404872
151890
633241
21538
740764
263426
694207
811019
56173
500854
524856
870316
887720
786253
253842
247769
256302
854712
561310
769346
802846
358416
126575
900129
383292
895303
701574
716416
976568
409595
567297
836596
128875
103881
980329
417156
336235
903361
232064
445712
984403
445363
7576
621829
973100
346488
390111
64161
196649
1053
922352
675321
739394
932892
348412
46456
25314
733112
638246
845460
561852
977791
834450
646578
933556
688259
741440
783838
805924
836686
911534
352940
622648
115598
784942
357483
350839
504745
927029
36803
505192
637413
519767
975515
487242
891976
97202
195982
755469
933873
391841
603122
265114
386604
883860
6612
610912
360998
688272
284840
605047
606273
258236
359962
89518
569411
52673
623796
147949
990929
695616
520568
806083
601442
340268
924438
458024
858935
159335
41580
591057
545458
28369
872051
444844
308411
87826
236044
231738
778330
746570
989841
816473
642188
431756
898918
379176
159804
885996
917830
839303
473405
48032
764539
238256
871272
797039
663672
46335
959421
548587
751977
201663
646692
693783
59589
577904
386185
915118
781107
481585
816629
392058
369619
244358
705775
704095
163895
169686
441349
545262
298220
972938
241504
202277
117651
497425
263829
633794
573572
511371
424153
189708
272316
229742
994592
788178
169780
948404
372166
321014
992990
244685
104889
436244
22674
81347
678413
520181
532481
167176
633144
493986
604986
414159
250367
779039
960158
444415
576131
562164
314075
752391
341545
269735
57432
626920
119741
139876
249766
917596
534315
215490
797519
120335
552271
53534
868049
805260
179602
36304
819011
743648
101312
406395
878227
930166
584722
858157
979375
215553
828020
725364
372273
810001
6939
240599
903140
835153
378812
395753
961605
538537
270415
614884
632861
417654
696466
484650
861887
196833
910990
154898
264812
539826
743153
570427
651078
935150
391508
127265
42198
261584
160501
34212
89576
808950
843217
987518
113395
311672
150394
32895
426447
783849
74698
280473
473232
486427
773534
460572
233700
100071
996270
782542
304562
673121
460552
832446
66848
436512
589520
967990
443645
251546
353555
700021
378036
236202
525307
823911
574437
708948
371255
550215
46439
878095
728450
480963
465128
462679
97194
164651
161615
930935
893565
942126
265314
377958
729650
416454
348398
10770
920669
676883
722151
182403
589249
174900
430294
374677
902437
237030
961119
949623
886135
524751
728815
446054
736103
426467
944671
979588
367318
604168
339318
424869
806374
512710
357981
411428
434707
77
506551
108853
475512
563666
788278
694372
828063
864035
288845
553549
50669
90450
560241
860163
203531
211992
44799
368813
213310
819259
641855
303182
471783
368809
643452
316501
337564
297282
376029
76539
816919
18865
939970
902360
730478
852266
474110
322469
736473
34443
617991
872067
137621
391122
928919
276867
43926
479155
221337
594382
467910
989167
198117
615448
358221
203369
637069
106703
920213
471777
356807
530780
488006
212306
736629
31803
150480
657881
129684
351264
737882
722330
632340
178867
201267
769788
165561
80661
439889
366585
272574
858409
75944
781647
608628
827751
820748
324522
544138
527109
215197
367406
402256
264695
677636
87211
384061
925314
654492
897116
126387
386045
349470
870073
856499
745580
356826
19250
414180
588433
37807
556408
666814
553628
199202
498397
454835
706359
603678
908878
211054
825958
113742
602574
136067
370475
320074
367644
501230
114056
385726
240246
426169
542772
240197
886529
508938
205871
925147
863048
470925
801498
910341
955704
489302
658788
700592
848627
65493
179238
632375
677702
321636
745613
686062
300428
272302
746896
734005
486024
425506
989181
518019
300123
202707
797560
130239
124041
313430
312673
989458
248964
781212
740629
437952
409555
915616
158037
113272
477278
669883
471446
302151
321992
481681
708024
918610
680555
856710
939769
614226
762042
471866
439122
437542
481743
283479
610218
752997
691741
528549
576550
535197
752819
189779
383410
896490
581006
307661
276506
384812
114264
633624
256726
816140
954059
687030
196026
818442
494683
878950
449683
267331
373661
698447
227416
777098
342089
303087
956209
126076
305398
405040
421531
948729
93333
936248
549332
132212
98270
811533
337603
372894
580204
554956
499961
128418
215139
622982
483482
794713
87452
791775
258314
812790
78865
309219
161536
54371
962363
606312
554401
277919
351451
150429
79413
709224
212093
307997
722807
17811
137697
63813
720171
683149
541346
76789
687126
818704
198485
98998
561958
719107
819604
161496
38623
513622
146725
608740
869863
784114
774712
494960
169849
491957
257132
59683
21443
429774
475543
790736
916325
907142
900174
465671
657015
23638
71604
575165
271444
2076
622092
342832
855886
863365
44353
835294
458315
189954
111805
565791
562499
603352
438133
938693
243098
642736
893964
228213
426016
481662
55346
257352
343161
407748
182672
654816
818932
353932
504481
14985
442018
571560
337295
867787
162022
431880
639074
306484
447604
421838
601368
831488
317968
909752
228237
312972
469008
961481
222573
14279
129674
843390
149148
789781
946729
364739
999670
448137
680692
389537
16361
104382
685473
96820
123772
990939
266056
570346
776670
811218
3661
587479
780609
4178
880294
223857
939383
433409
179511
869700
185807
857450
131359
490202
885310
598627
422411
547514
921057
797282
432209
190937
625792
58066
405476
496985
146015
221148
785979
237298
46915
898662
184810
411354
10617
542195
62781
144969
909486
722871
425355
566261
268625
810992
203729
158910
973023
195271
211510
525145
568527
718542
649288
979388
379008
812724
961687
722542
598701
383308
77842
718235
647429
942213
822784
287145
672640
720004
479584
343114
535846
277441
638027
198185
371926
865947
922312
814799
854337
246566
523962
950744
9637
260834
668770
328373
249373
205422
32345
197893
580508
340238
546268
526178
645029
707120
918831
326412
988207
916583
486270
253018
715686
868395
989298
291085
80514
451102
607461
513060
890412
146887
868204
352135
859346
127098
708598
386595
273443
494411
37772
467217
687658
281691
762606
195607
731173
111849
553156
664806
947116
595899
826591
937753
760295
270943
235057
141242
271535
377684
247859
798270
597960
519285
307481
433620
472033
194132
666831
517930
998522
532235
52968
493796
878811
19053
565359
433994
105788
793691
559912
968664
897946
942655
565944
294512
320295
930450
591840
588402
892040
567356
115060
895758
246552
239501
869256
168373
974210
328986
723573
537040
445018
35225
666283
414880
542930
332795
58942
741241
705584
801063
35453
477843
817772
279194
900324
655305
953340
12968
113325
541582
602292
78428
625890
431166
417175
157210
247244
639310
149796
396985
459784
776802
70117
22871
523646
862721
276371
151064
751581
987500
871508
850598
882818
90977
531902
637216
77986
967357
339177
213950
215033
961241
215660
181991
934747
366589
409334
235117
997704
385720
85550
419632
591445
308598
341279
258650
407726
794900
755548
37603
378934
802276
261387
125825
670074
751694
195610
534913
899263
779958
79224
279887
300133
935845
181952
498542
561141
888126
88124
157057
453386
41253
153359
365860
901949
451876
259153
574220
749697
273251
229490
283085
211809
301574
835016
412757
699854
89835
511916
183053
170979
874421
335854
217746
306496
805663
119499
655599
126646
842736
697509
519599
706776
598491
584217
337680
648916
895527
223875
218197
492541
621390
785215
626011
550467
796138
68077
998558
100829
769194
798688
471305
376209
905071
986077
578964
705399
935612
59364
96286
332377
603554
447574
906960
575742
709891
576309
613318
717357
497336
763840
804327
865960
293719
690511
549589
89205
709842
667279
510358
737585
120940
554770
357451
44048
226203
143389
801705
612413
5252
632280
713304
836162
127589
885820
888987
173815
878254
50269
840576
219828
454759
281201
603492
5354
994361
605345
82490
214559
436488
489758
995557
268333
549006
358700
211437
48784
90123
862912
349539
566501
774604
904
712104
865055
50536
968164
738370
407899
801524
375773
210951
659572
826703
290529
282825
839738
951277
352096
49687
620857
60899
587146
175924
515493
636722
444970
287156
768888
674382
840202
83692
15342
700730
274074
445224
453854
569097
738436
954818
26196
866974
674591
413034
60715
278807
335984
441630
258476
75874
371699
97506
738026
813224
728681
505601
187458
824980
196611
228333
605565
681007
969482
733516
961322
292080
195608
958842
552628
845305
828971
270640
212840
397278
23490
753882
386308
174111
115208
236685
300738
3339
28679
693014
302683
742696
345666
202118
972048
768472
257765
628874
372486
510103
349252
345188
897492
941074
451712
768635
83198
377142
889002
413171
246903
101058
884666
340747
789733
974798
119293
13346
709772
959925
927595
602226
652328
276467
430832
218625
946413
993490
986794
784155
587539
200097
898154
702737
48026
678302
856390
445234
722399
346572
153487
923596
114337
615508
446110
201625
858030
4918
412384
997249
649179
244419
919101
412560
582508
747025
692860
621024
510241
233086
822221
89708
390347
104846
825631
46806
202903
181928
292721
111431
118408
674059
290946
363199
806438
3999
487888
36820
830357
229207
360595
941495
581105
989544
134976
343120
280995
485593
120228
301000
985441
235365
934992
489313
524351
63778
533248
9491
789876
399304
998721
676101
712197
300953
878841
975120
953472
555902
606122
578509
259137
656040
790667
281033
872490
880726
508602
400803
969870
482511
765810
717309
61700
991720
125990
883042
739066
801632
838848
742659
470750
478397
246943
431052
230486
684494
229297
280152
110702
159855
389648
725093
879470
541718
41863
329400
444698
653958
616823
643624
555175
132444
39620
307364
633493
281411
614400
720476
174963
995799
236054
151839
717054
863463
107758
780740
409096
359614
50547
187996
651428
228450
290101
810015
92863
40717
837839
519981
949857
796589
438344
85108
184809
195223
187483
338306
438776
939579
797558
949074
70093
508821
105188
114903
923801
237808
8038
16007
433960
261123
920304
85083
603410
428827
992196
326724
842342
229605
214501
592775
443572
94419
770619
378374
557454
150945
967029
521831
675979
769452
341963
469517
562055
101473
117902
142607
123262
175197
886213
855054
32679
821831
86021
688734
876285
353261
481697
755982
203026
860759
495963
209170
725077
204782
505502
975674
738201
726814
557448
772855
270778
486207
340028
664508
919159
450786
523027
501937
310924
849589
203462
667144
343392
359446
560096
621741
8398
81884
502088
204193
669248
211047
318804
815220
273488
132792
744440
357272
595970
142227
404405
396447
617749
113358
584276
546471
481803
421512
769574
425498
830233
979759
445057
353437
657296
828818
865778
365630
644686
883760
967276
656316
224725
353255
103606
59731
167402
524808
391020
786366
706346
165754
905966
168697
445183
807015
49395
230033
775170
13625
139937
586885
312310
76590
373960
689489
765989
965366
157923
444669
267014
378809
712586
712210
174951
748088
171721
264494
9751
524544
379068
956995
30492
983208
719152
664479
73792
276360
908254
850281
779423
635744
590460
631060
743822
380390
344006
148135
979294
414116
293742
202036
366884
946350
519352
327537
453167
193756
993746
697094
635293
784901
220282
250625
634556
182942
556392
329101
357438
709481
615697
489628
57112
307642
665246
631269
788349
81526
968387
794560
404082
23586
285199
595634
230802
177032
590110
84142
463856
391615
211311
880035
282614
211159
214987
994521
415462
339834
996503
560880
823998
14905
790697
269813
798419
804113
144923
59242
281103
888082
539187
371641
225369
199185
293012
611707
499702
624647
19823
457524
592832
472250
865245
965822
498169
735661
207013
845952
92654
670724
215806
448515
85022
407507
970561
389177
232888
15385
797214
426688
32109
530868
803038
575773
852427
839670
654665
83428
918147
603280
494819
790815
320010
538979
968047
351748
149660
824874
771644
62758
597100
298970
966587
610379
672275
90672
286618
817862
228623
903835
378819
484316
827432
593135
425415
61963
669211
289471
113395
658499
80995
123585
927805
489374
175905
424991
128504
546043
439459
618813
239516
408013
243741
734456
829588
733138
564281
192659
903498
761754
553051
836803
854804
14312
224461
10502
963382
726875
113564
906083
682536
860189
711479
113145
981762
473514
371165
477212
434473
247283
962167
740575
378403
609810
664318
970805
240575
92975
763547
692276
497682
476552
385972
351640
105447
244192
268780
913493
264913
165402
461609
401629
432478
533375
936277
379327
696534
130596
752694
356073
361973
87068
758185
656214
799586
812476
458399
244994
349993
253655
769926
870406
963327
421287
408400
205983
474216
359838
7697
737569
204734
457672
212298
269070
785674
560538
308096
845027
673532
284990
274270
109979
340280
407473
330303
410614
718367
729757
552053
292971
785793
23785
563499
11257
395475
591202
438301
11191
124974
730294
905111
336696
122898
15125
151338
904301
874769
489114
870540
239048
504379
613371
571462
65003
979385
659947
530126
555853
90984
997786
487616
744458
807784
714726
951776
180949
894173
201040
873595
194471
122236
296905
720053
943237
379879
937574
987080
325155
256135
426002
535844
229252
859217
313005
788591
172421
452322
498495
31872
735528
61076
882447
920206
127188
242678
160652
528911
408172
63349
970389
10128
673728
615519
676068
116811
207473
893318
628224
685124
41810
672866
204970
299718
664982
461941
258363
885241
494779
926134
779354
728626
395677
169168
138066
133395
239789
376699
592865
700559
219226
408662
578908
261805
285746
415874
862115
613732
183148
196193
581118
279102
824098
813371
990061
62662
856105
582729
255224
665246
984314
275411
34132
482038
283994
241762
614450
504560
477453
542672
877022
830774
300453
927664
465898
633148
93957
943165
13972
249108
599825
644631
702092
298585
345015
500251
904527
582305
179106
75404
277290
657060
121474
927619
716245
943814
374530
96870
977811
43983
801423
357555
136279
640475
319171
750343
978649
896433
347473
356913
968704
912940
568756
6116
65420
339683
573319
735547
137022
783742
337234
32145
325454
402048
265382
219962
709299
372833
211418
522083
258617
997087
965353
969989
447684
242270
508351
61616
979413
594672
521601
8094
234832
822192
106699
364349
88303
115358
862198
376562
370495
638983
959847
194068
706748
769278
32101
734230
375093
99208
41044
605815
685015
825390
98295
971616
947586
598767
558431
823149
831331
511702
756133
542350
262140
329140
797312
503261
295349
901032
131659
593940
510635
834856
151587
619634
37239
771285
263240
678406
210169
774120
686523
880205
553628
915786
323079
409442
723896
135082
416763
489536
556927
39049
545230
858793
882850
417497
931927
377607
971965
528839
438881
474060
967549
447103
95180
850158
673802
478661
934377
176300
335526
880024
612980
57211
825179
875927
988721
346354
6061
387870
779364
160266
484269
642123
37013
471585
289625
292794
736784
619741
839358
885633
706441
681329
335238
212462
912655
106525
820605
472920
735639
245235
200705
240462
154009
676902
426068
488018
33614
6922
428776
585572
371545
584094
749475
278615
989791
325426
410089
623594
560533
381007
741877
314635
336942
449892
173583
931650
721973
612716
963272
882196
525749
533141
652230
534129
959560
243806
488113
360110
45517
801606
259180
729861
190965
253785
514087
122346
931854
56622
222670
587228
696435
197010
912386
354632
503358
886069
903519
704116
503319
494417
766045
420897
43649
546579
59823
838404
931864
215345
319055
745985
837313
49979
578077
758926
121827
12015
123670
83157
935805
51237
999796
665350
390046
376044
185761
328738
620754
297598
30771
73491
340286
783996
856790
551099
35561
838283
686211
644386
193962
675683
190481
716508
737567
476685
749915
646456
618933
153460
232804
491342
762399
820362
768311
452082
494621
100694
30850
667605
360817
731084
217649
634266
184574
245563
405698
53316
193188
26977
723365
283543
325803
479284
889194
260122
860755
283287
927783
913360
626128
539305
709805
467294
64793
539428
311092
519924
15685
404708
56478
934866
807432
18606
283568
462878
458033
556215
531934
492003
70987
696598
453267
591955
430094
949261
165538
283114
931168
508189
591326
211333
172911
117489
41476
821512
21278
750355
569472
645145
934471
885773
37631
788479
970499
788499
476111
307197
195715
426316
802089
304540
751353
435779
842373
929530
86037
117850
37200
115532
373889
27977
588755
507496
813381
845144
761955
689943
977129
462055
441599
707677
986742
886788
557532
185213
658967
664787
621456
641594
473150
858341
87398
504851
706099
286786
459980
737131
275116
111946
735475
903427
713155
453940
271255
906494
297017
530134
975098
125354
26543
786167
330068
733660
984716
94411
317797
864564
878247
657160
270562
421249
496394
395605
642382
515548
940578
83904
801396
526594
385164
24824
414826
865182
726580
538172
994522
532802
615532
651037
888195
128832
689689
496101
615051
686982
528273
353738
520135
611688
968989
595416
858883
617956
841384
314225
407033
317550
811557
755707
965915
213113
728738
448503
740190
1719
371341
464885
7079
446544
99889
784994
249031
227209
768964
141729
731559
293
780554
955400
987275
586839
563768
189708
557605
789747
165940
796870
23798
412355
131139
676971
721244
859825
685122
675081
400094
241186
755910
613331
315640
63387
346659
73591
511798
183994
346384
631673
848991
699654
582665
406740
536996
856157
768431
379076
649345
539030
890897
950442
835778
574470
441087
594723
315405
422917
63750
389205
542087
93883
741635
490373
244382
167222
639759
923888
240179
490177
677909
373610
443363
534267
947878
324144
829689
724398
139975
865086
91394
306045
25736
861064
350288
805468
777552
741170
622300
751935
758186
88881
120244
957179
89585
755108
958018
92291
162357
369773
216398
844543
138896
159168
861120
517287
507079
301511
626591
116943
765033
591006
282942
198663
297811
236042
68146
880570
140084
438913
389670
898588
301587
488244
731990
589028
253366
486184
444681
192770
366125
737398
562041
770202
648688
246850
167149
866568
999943
833001
298388
476040
114578
505357
986901
167180
805939
921580
659367
853543
686961
77447
952207
723443
980103
317809
542955
650652
427177
272092
263921
20895
856829
433821
750817
27635
28965
512739
549975
50960
68893
201578
880627
307083
140525
913629
784010
796230
501342
564810
783088
331785
826816
591137
505808
288677
785190
838597
790098
330878
703895
516496
439391
727851
569080
277493
619210
680757
754539
959265
138214
293199
371605
608407
784650
485383
196820
645123
582918
66473
533799
746725
149310
862366
489003
932135
194079
265691
928012
462140
242444
190367
722640
219096
347065
552396
762187
152775
738003
863031
294418
103252
41691
542076
426596
489889
960179
218408
806487
20425
91856
140067
255678
723625
797079
957169
367186
577025
238848
636944
83414
353518
752745
292398
716820
947846
570558
152509
261342
232253
723195
44045
907119
719886
772055
430546
705034
607233
435769
999113
971956
975670
459204
907586
370284
102377
934689
999015
422016
389895
185210
185162
913927
101059
779617
940899
350507
749292
825255
478749
919331
807669
957065
574233
297229
47810
232947
535791
951569
366532
252135
759952
141255
239734
664987
107743
894314
845158
922114
614443
13157
571542
730493
871447
47043
538033
130117
806060
940269
831155
80039
955741
781978
957020
79782
164286
18604
884970
610357
322473
869429
398897
47445
55483
137759
425257
43906
674193
436071
671873
46584
505349
827178
210811
465591
347789
77176
85618
527189
759196
917693
426886
595522
120414
286493
296393
977974
184234
159952
500701
89138
9343
234801
599640
745013
614260
524096
675009
733687
621785
494126
455924
369989
268395
784570
574690
128563
571166
491429
731993
87109
932986
357780
851160
404780
442543
803375
927031
768990
841366
447283
859672
514241
935369
582735
37241
270548
227537
465798
851331
823692
402167
351930
905403
265069
461768
56897
327127
335843
711803
167829
406807
692805
427959
413591
156152
651562
383640
194860
302470
810884
597065
906019
892320
174502
634454
941683
434619
685660
747329
304141
901025
105368
640097
908300
684942
581055
452376
586091
943011
385645
476248
591187
57186
673536
40475
166867
86282
521778
426583
385678
886908
32677
163328
40446
226626
496147
459610
730901
630615
520085
622278
641466
588513
407661
266803
301439
52707
519658
728648
575096
199186
797548
251848
916824
334636
5877
848832
218784
134026
467586
855401
912840
259076
361651
417233
868348
942039
599651
681673
188795
121445
721475
955475
422926
763367
834781
2674
649524
406732
739036
114159
566623
793130
851486
186492
89359
780829
246503
705810
220749
647314
240825
596875
163029
664684
709437
382390
226862
990428
398455
359399
453056
837984
539853
453651
477710
842073
828922
153457
499855
3203
199308
812051
394989
353426
288777
119710
407590
175159
327874
87519
695536
893841
460924
541480
880619
124599
792446
758242
53930
452390
775811
659096
8277
379636
661103
728639
253277
397835
708781
247285
951906
93045
205954
217546
448006
428774
201885
809602
375906
589726
974800
51703
662553
310936
663862
559215
377059
998372
573031
353110
49626
70679
99527
47464
227391
540211
803773
15353
692323
560137
866433
9754
466377
80588
135612
602491
687886
243377
93473
451844
922714
982844
382335
464203
477590
724107
996543
697341
715773
101888
351579
254904
824803
355670
197659
881227
993518
158490
990154
907795
625001
186532
117279
815768
723293
965045
585325
581964
175324
61371
871328
133682
904898
121187
430396
66782
688344
635324
569873
503283
543667
106432
299579
590434
208558
611528
184950
110707
882929
254385
608972
529396
253223
185678
826843
736182
865564
566566
740909
512545
138782
414578
522017
654402
230559
217897
350006
703616
925274
130876
192883
358194
588616
486870
364127
518568
886952
526844
607210
111764
780094
474618
699035
920938
452398
341932
880459
719220
294343
694213
201217
121777
894414
57327
364501
129089
584415
645176
359875
990660
261522
481333
185433
752052
61502
250778
940780
766352
821550
308275
849229
338720
959356
629144
732450
664163
715543
601078
202003
888626
337438
630786
409273
231060
929659
71105
463779
531288
122368
235038
934152
241776
166969
616550
850242
298760
289184
946982
859436
201619
401152
114106
897669
986068
844983
862497
162420
265269
324877
700337
413546
983337
443172
471248
653222
630735
72060
954372
822393
990396
786999
409491
643983
586512
374122
607453
171751
342805
778902
433690
374979
768560
741641
383
487474
223331
733117
423204
386076
67161
908684
198510
206411
422031
821491
950815
798603
695720
963327
219506
226700
334811
124589
869040
414620
991660
470122
311156
611946
237529
690746
819614
486367
891187
325358
644986
241696
442789
983773
429890
897618
648855
568295
755231
81711
588488
203080
221952
765021
423306
808850
476030
379477
559395
206989
40167
643971
872600
585763
495813
753208
421960
811258
148547
376415
89069
712142
315224
96672
176505
709119
355814
711946
533437
321888
577844
766515
369357
787329
826131
788580
248170
546135
188639
428678
214715
440136
926972
684197
285191
1014
369095
857025
487960
676681
475657
837596
419748
378816
992641
876346
887855
125280
588515
714187
453036
764084
846040
237507
629144
273651
274613
85270
759631
707233
505038
875825
622619
719868
161700
648933
785170
631026
811481
175490
340023
498788
223986
856756
846230
740248
346767
990540
794688
949785
900725
122890
957619
474452
975642
450630
594096
689464
55052
11539
726401
283825
97394
780727
171643
599832
214977
699880
217116
343708
91175
256828
313798
413024
374164
954248
540098
989284
391277
888896
926884
284073
290582
809845
806508
382148
918205
148167
744226
711069
54836
95705
575974
799941
449089
56198
401393
443259
685112
246397
525270
646886
773424
450980
858610
643896
809091
544594
100287
21393
910532
604812
298187
166156
84655
442327
993242
287549
974219
789494
681626
66810
955654
506046
288871
995469
680854
513857
963935
317965
552854
96839
304171
144879
363625
279998
510648
839601
951234
162611
573057
373611
47879
722832
800536
450024
797518
409817
715286
6761
62955
113844
469039
895618
564771
458460
691231
267377
162108
863141
963041
295234
580659
782322
468538
813693
300640
153308
802530
804657
931679
153641
336314
811607
216437
308015
18930
232822
705510
838847
197951
271036
798570
957173
255010
439010
627799
408553
580107
905164
588766
243270
677493
88093
199570
277823
792952
265556
254293
986842
149383
644209
607286
910629
75082
909314
777530
657432
679180
256756
439529
458409
561867
323261
665189
692004
496663
623485
527312
29528
185894
892087
573200
897366
215890
688409
476147
248220
612037
938614
515063
753373
978528
718667
689464
553741
663750
887941
882091
345695
661479
970366
729372
323351
465634
130356
681402
354231
422903
507565
781159
169466
738244
224765
800948
257295
71009
709920
694738
386672
433166
529309
45395
740565
741693
686155
479881
843200
633797
111448
28254
608722
741393
181616
368048
215528
162715
249848
431731
85533
7006
121916
825316
104472
157454
345596
15129
753763
917719
432168
482732
953829
193202
495418
912529
132169
924971
988806
581658
779479
650475
838202
720434
311455
479310
172437
428072
556628
856716
585420
94580
821160
278189
609204
379666
311250
703993
940923
583110
396096
671026
726118
925480
201628
628715
74425
415519
245974
269087
235879
290556
173908
668190
652252
435058
168804
401481
513860
625161
985017
917523
458500
897046
332299
337587
661571
675640
583997
115752
601278
428176
984048
405695
185562
108452
924357
912721
518806
682740
404885
756918
182098
287541
620837
294863
920672
152970
625937
174146
210862
909769
190132
315761
598093
478573
212526
829071
593181
864041
967143
398785
831521
130222
667808
807702
306508
768212
482628
543800
510700
256082
882675
831120
220276
228099
735425
170959
276209
37435
416915
508601
49703
409851
904890
691509
238043
668286
807602
706988
895926
95286
319539
654765
715596
6100
925396
51876
619732
813134
988355
152459
670342
82137
663445
954779
27094
359011
95485
369994
743147
41566
552861
555745
447125
458542
349081
421669
225331
976299
569658
638221
960610
775639
647873
415414
936542
227909
115524
214175
302702
683549
551227
463075
49080
264455
838259
967566
746406
950110
664415
879032
572801
437607
963841
854359
542424
763793
207639
257053
657018
503727
826544
643433
243475
350134
191848
894702
434263
248030
18236
799184
243487
881309
67292
59598
490339
89785
506665
182669
620282
381515
675263
275220
311884
690626
65419
523003
811797
793513
872989
172749
20270
858470
557157
798974
857004
907793
219600
698945
72606
943556
533302
498375
931874
865230
635544
691491
370315
904242
364020
452638
257128
24969
636771
275502
828463
551323
331549
552848
284714
668845
82904
640749
375040
845487
778913
385016
324152
268317
202593
582545
870185
807720
110062
676726
848212
176887
343346
446653
55081
373928
152687
907555
429493
420350
915621
995300
221699
281654
970511
305681
576244
666751
414231
403761
860651
892553
123334
86387
86316
250528
367338
101997
701648
781475
582452
449408
914906
960044
427289
651576
207976
884895
497766
910786
516157
175349
211256
954689
929866
783612
163316
42498
297806
896912
6300
203434
393488
706301
816074
955659
53552
256959
360336
804553
6589
50689
205906
648017
837897
466213
80394
261654
854364
318934
97704
691348
168984
503444
887603
685302
681297
168644
156521
302703
87211
324840
804191
804736
775175
379018
55919
208604
143970
471630
598023
951017
524559
693213
904196
465468
969442
563238
116791
463653
703218
901662
188133
978871
799207
314951
34450
890044
818698
130772
274362
884907
100438
57632
717342
681748
246498
401169
872842
458879
410293
871789
117684
382734
720911
146686
166789
475770
599247
422135
715859
118058
51853
692867
599485
185549
136707
825320
5528
460223
344568
165874
389906
13197
197267
713115
850579
466926
975871
222448
218969
568273
690396
657912
53359
831429
783977
805398
257959
652520
148162
558679
290796
396563
414913
156303
833054
407570
458147
531792
545041
421177
395640
412619
114311
244419
481883
104486
185466
7796
296106
699862
499899
376799
203165
147586
427662
393940
639508
768055
401571
331308
567361
353007
312060
785888
875078
993342
598284
40964
880060
443009
8779
444078
677406
797792
172632
277776
543600
808940
349546
679491
619931
250163
356414
448299
58779
913997
193398
267327
728641
439114
768061
690091
130221
213732
853816
42633
100558
328422
369341
488540
506202
144502
127735
853097
691082
55820
699392
405373
974954
149885
850339
830568
418509
722079
711376
317197
996593
863761
727108
961080
799944
330957
312323
440946
674947
318688
313856
463674
943975
129998
177218
215178
439598
861005
173289
475429
122427
503316
757217
2959
214604
788025
292373
578755
588774
937492
271581
408142
502355
536618
46039
236797
601313
408260
688595
175245
832179
686789
178149
372394
741964
235718
461397
844955
972666
635161
390969
557504
548790
235947
194770
493277
106543
724149
746476
11919
38583
733567
852172
737455
47107
905714
961318
407357
83959
940421
613864
31338
172410
998044
643250
435637
325167
384822
260994
978885
326627
447418
606089
953612
546523
714076
859351
266408
341847
552761
130253
877163
661783
676675
136661
98612
834617
440694
325287
836249
274400
54039
760995
32245
21297
359631
385094
550746
592697
759132
168110
721721
463154
767590
685291
591165
127478
898559
190931
333030
46363
694909
65509
531197
810168
736700
369554
495734
861382
544637
601020
884472
59535
424745
704485
272588
686423
573843
932314
186891
328982
308605
673711
582715
384651
408532
414008
894192
991383
545495
971134
936057
249762
992256
789886
579490
988530
229797
222077
284597
990076
889359
689363
48059
158112
283637
662185
38409
63105
412703
904742
553634
966245
4039
4047
737758
21198
482794
146546
401635
322691
475361
504350
315887
573503
664962
634710
67278
634859
124994
284057
456625
351766
647717
196815
439622
619241
625652
424603
101014
746346
375599
831087
578679
640753
417499
969812
245722
988209
52127
558291
505736
83251
820441
961906
514714
385009
373476
474555
493149
648927
594906
403550
938111
128646
448116
201868
318527
807224
564424
118516
395546
58190
45531
655288
947091
644274
925670
675134
156004
695150
388987
79069
582731
566702
778321
373374
531324
685811
682100
54613
245765
151096
931454
452087
151440
972049
892975
450033
192636
215630
651284
438498
423784
933611
162745
447545
37719
165152
14814
870440
459338
698341
318550
797998
259939
515837
820818
371408
350324
74742
670544
632716
125124
509811
872751
244449
126736
593444
503848
975042
751298
475636
482497
940373
43865
950489
655284
649120
403957
330775
335654
366171
670996
811660
595275
547423
832546
133455
192147
635602
151230
521567
99709
117894
545086
18568
313374
913973
60860
918295
320808
444275
661304
39771
119141
983701
215843
378177
754133
309450
860552
171698
967451
19548
739087
304372
961719
313463
914536
325327
411903
993281
401296
868245
823812
229731
375927
364603
395286
25296
637115
741311
588260
485661
9966
891379
704867
631225
692518
611573
331579
454368
379322
882697
775050
979531
554115
80160
378806
240713
56849
999910
999437
735532
506392
327527
42979
793058
215959
889409
607774
851240
982890
728836
672334
119241
583438
481789
9581
847708
599505
330494
620945
302962
993747
957534
613958
518598
93195
844280
675615
295767
985797
154573
968447
637205
741873
852727
979269
682438
848400
911809
415266
803108
3799
480339
471478
650486
210362
655808
396093
72326
70578
531098
641208
726355
378964
696474
741785
548857
713569
524380
699862
371678
213794
312006
865443
828317
760388
35129
377367
730710
502520
327142
999307
687696
915228
817836
299163
513407
486056
963472
308235
437386
448186
603289
225188
454698
513364
242092
258240
45399
110942
430411
968869
324019
211946
43587
589314
691792
614896
643161
890097
175233
278440
665382
569805
743435
531790
953512
811126
561128
397311
228377
62800
750096
216144
262475
923491
610504
86818
410744
314952
518295
776889
331968
619768
72108
358273
675287
475749
871640
228521
607371
898511
842895
73375
133002
158945
782804
33484
481752
922907
559852
430965
697111
648087
882564
367611
218773
107875
949471
120095
978809
604973
204152
328208
371802
398344
946472
45613
497697
385162
856502
477763
939485
332606
789939
329866
219905
676721
83141
103529
140687
577020
605065
487836
755099
87329
79777
683880
737204
704497
139499
567412
526277
751545
249711
2397
694358
514686
701572
734658
212473
737190
535787
96590
66404
82089
491479
364505
858148
552697
147705
542051
24733
845942
979407
401789
999908
716315
573109
284472
318567
262591
308409
793199
245662
289090
951485
187940
82894
787542
635507
705218
975148
348483
891055
403496
41233
508475
421432
673010
595849
715271
825732
184506
556791
597448
542678
680335
772138
847922
2489
978043
941577
417100
416090
949882
428781
742587
850927
777314
130603
303539
281610
70606
917189
442486
566903
676249
954886
575910
360556
491433
294883
900098
688622
603295
436858
123902
236407
648214
746411
271150
415801
234972
785052
657464
763641
558048
932393
941173
974715
298645
657547
644118
542406
292310
433660
755126
267316
114305
30545
866429
725448
196227
487366
511056
683160
41478
728477
812795
513023
304879
506179
202713
30902
859453
887737
46638
285553
259725
678845
8855
743856
13713
601195
61910
833885
650765
357692
396312
169634
681732
856585
122102
617669
879982
545701
219574
747605
273996
974304
722162
829570
119598
428149
669836
792466
454833
613216
682952
404572
387022
469572
7591
435460
21690
122572
711735
595032
425456
677170
32394
683785
332165
643160
831291
448293
384077
585044
150919
313751
668163
299033
11557
285421
956682
179284
624258
585563
931359
269444
379052
37549
674740
991740
782612
212159
848994
686641
595979
757410
833966
624541
322149
596826
941909
38376
497404
476437
596858
221542
408388
869789
462296
369200
736408
87989
458015
722169
478777
842405
498314
126171
663673
156011
298117
994845
9045
340424
860547
619131
599299
697435
989065
393508
479785
43621
976883
414730
343511
918305
681879
147820
988705
709816
861055
509263
575252
305539
255331
694623
754143
126824
207863
753573
259095
707795
960868
166137
298708
947063
29331
156979
615889
977726
622243
710952
880723
68787
889415
692787
111105
43284
378658
560472
160525
350493
137466
953856
294956
788854
419593
703505
85093
165924
864988
472475
489571
235491
134413
771990
82752
810745
116022
396448
888974
524899
531930
10978
87573
150102
628539
506464
416124
562544
583517
710858
748166
647391
593048
908601
570328
7011
871181
509853
527470
325825
71886
449965
112738
149768
221380
645232
934374
117424
610034
300360
927262
982209
671497
635625
818563
126487
866283
144853
160315
913129
287381
522549
582406
154129
724308
842180
642443
225811
201661
75741
939564
606169
868978
563149
453013
81964
898240
937805
928722
983307
572089
298699
952509
283157
783596
765956
975893
957422
90038
443841
140728
726328
349538
614341
38443
549337
867559
958608
425459
379200
2788
708563
915763
534293
360796
321092
113231
108348
182612
736598
228246
928478
216131
177008
341039
988681
570039
299248
370533
958352
866286
685020
135772
757819
935013
213235
256631
254637
524705
903676
214405
939632
512346
549521
980518
863526
382936
418216
922361
462503
652725
867545
774810
353439
215595
212249
510196
172530
273301
49762
979297
568310
588075
467106
512914
317767
572790
157943
599279
147560
64461
858594
583642
278936
522192
288614
416132
666609
196489
477513
605745
151823
376887
908029
305627
998740
910210
782333
542224
722763
703039
84101
981335
474943
924379
646095
351557
45239
36607
662750
290735
224992
818936
774801
398041
794130
283903
495874
831246
926981
796117
843587
976040
795788
444016
827473
191422
680045
161479
514173
407557
790457
615719
876516
444521
980360
877259
108698
354557
876097
937056
370893
630002
533739
186777
380752
332886
602086
509988
511496
714837
414336
951086
615242
926646
859451
108060
185546
30926
96905
454672
671512
883759
522433
255193
500278
609273
942420
330280
417681
916871
175204
141317
955149
989924
425224
213584
442301
609011
63264
494587
589336
170056
649983
799336
993220
839370
476
949870
585069
872299
691712
77771
257652
421424
265544
487133
107569
278545
686498
771479
390466
271805
92307
594625
539632
273019
995936
625318
501422
645867
665759
576535
967662
602317
865336
501455
233776
723096
261972
660907
608796
992549
745211
545381
225159
97432
883665
533724
724380
938090
106015
163755
922512
291784
104120
317530
77749
55357
259704
720201
843434
375158
448448
939201
206540
115176
110109
655334
556088
764088
253357
384472
16573
25590
162682
397917
526594
546925
369465
442199
389354
462212
900938
563331
539852
502004
654023
675877
498197
547805
423706
178418
463392
541770
817473
233638
544101
806009
338840
109982
987323
228331
977635
960291
684732
721542
147181
896921
129101
706203
790936
530823
685892
817504
330847
381221
474220
885116
399349
704536
461153
434231
157136
8283
340382
74939
921080
474803
208117
929044
853815
720584
208085
259483
454876
161023
484576
940646
878599
818310
354822
757101
546775
791994
756868
892882
492526
645887
210923
436252
759417
658985
406660
634304
648829
553091
71194
969352
619908
609793
800461
672378
688804
200057
852387
70351
322738
426408
362628
169824
896645
533573
6517
581038
349713
704052
887455
365142
251414
447500
582412
275192
263880
771865
169627
194830
313924
573780
610653
901784
89828
515223
320738
268805
17849
682443
68296
346718
939606
686517
570144
66117
283259
41098
539606
225844
652468
825621
284590
944777
665636
706052
717938
172408
27380
525268
408498
916939
30430
657557
756427
748957
815754
460843
79995
381421
212835
737711
563189
667270
635755
540736
425535
564897
877355
516295
991933
222781
232258
943782
542362
488302
289189
665876
236148
383776
797285
148329
241424
492580
273945
151357
316288
282048
930089
821186
250362
822416
961102
158185
13008
914756
262432
617320
309022
124899
280516
153040
295052
511085
533335
185717
684680
86647
115195
268125
459767
149878
224695
696219
584135
64505
496286
70609
393324
484397
224448
143486
634807
56169
265932
169517
261678
74073
930774
627605
225870
671869
356854
111248
103259
644245
853277
730339
959245
88228
466676
229641
166853
661964
361418
100484
597720
264883
574049
948503
418469
191822
223995
824624
900451
137029
518232
238882
245153
363818
924038
610607
155872
487590
42254
787898
793023
113447
592960
939890
211227
765947
111363
305096
17720
994806
976633
972843
694751
165448
571796
996795
500024
982270
209135
34047
447873
532230
210797
966229
126012
614394
485185
595427
164189
856069
73768
679262
619709
573520
307460
484273
671922
634158
737275
652521
80459
918899
806904
905644
160396
545389
544131
79704
792021
927243
110583
173601
278454
8207
340024
260793
902649
626730
813878
596833
280761
515936
140906
161651
921038
297370
353133
121230
857987
87523
324872
865865
244995
556613
953588
528974
725326
305153
805833
580622
70263
405481
803405
236946
745485
900166
400808
611502
233495
46667
581623
45191
820279
140442
371759
564522
777992
645252
984605
863025
192255
422900
221717
704498
602370
244717
928606
721840
54619
811049
535467
597496
820897
233256
526569
875280
712531
903959
416165
20871
896562
741631
887735
811320
505899
279680
45585
104553
184853
389065
750981
80073
320547
942807
388366
647362
183763
98906
634575
500767
971560
678967
556882
422446
511199
984127
224293
587023
613872
496479
851991
874032
229087
963734
966463
450624
535165
410397
198599
322690
199132
824052
536986
665554
60067
455394
276948
878090
844889
879207
691517
613624
269384
915397
49311
217594
184748
465288
300120
521771
55386
458562
490680
688374
537073
876949
850985
356813
976343
937742
112196
773366
900307
311885
301635
147507
141981
891328
362378
55805
707178
346203
742134
734665
804962
238367
604648
313690
914422
748869
265875
69876
110276
676827
267303
740570
333372
848612
128480
183118
604408
920135
901746
907147
767010
918150
713316
957498
613761
901803
75613
293420
102910
244314
814592
709183
716428
756015
883412
298706
272300
537295
442390
227474
671867
42319
663089
223479
44581
561065
814135
293369
762848
179259
451396
787043
444457
834986
967654
886811
525050
647150
699928
12619
673256
972454
966966
865962
862235
558120
24142
577356
965199
829773
910818
67113
477744
674271
235280
724690
255061
489837
912916
52695
87668
782243
530571
923650
792917
27549
264725
881441
788360
996600
773655
625150
837366
429771
554218
699412
75353
797127
361244
486461
536923
236778
328169
933074
268441
384283
309298
770185
599706
242964
631750
35213
734233
647232
924950
891012
441882
43315
73044
834685
293394
142700
788996
968598
56118
285667
229746
47973
120053
535868
649336
457933
128592
426455
515772
850890
454074
597497
655208
408634
718250
494540
281734
545396
364850
738442
890916
190134
504821
663205
257529
32037
724083
526558
193066
394222
447782
359571
876956
982774
154537
261324
650131
63838
593627
173817
906620
307778
131460
74059
436938
844385
388106
664410
116435
798854
860965
243599
603748
317675
394750
39611
543152
456847
278339
617298
733850
602034
233388
121549
403108
94503
720541
672434
254096
456925
844408
217896
951768
191033
831821
583138
58673
430761
226267
413143
643930
59673
410123
394212
533256
204182
755822
559280
588023
114925
718172
193284
785499
976328
439966
304586
74389
9910
670951
342434
123844
715672
410313
659509
954445
643069
291830
412714
485854
811612
980938
112391
230579
865195
973368
674177
191910
839176
588292
198925
338680
161260
84411
139170
738753
651124
432397
975440
751066
527235
508749
48763
759809
883832
289299
928258
649359
750614
439767
890187
912351
343107
73426
776411
133987
605781
962704
920303
2960
765789
112675
235212
421618
472025
3754
962584
631261
271142
920755
303320
210671
316390
661648
958618
302862
932174
352581
346746
575896
45109
24817
441296
399409
698104
286574
995572
87833
308000
5183
132972
688419
512093
972479
985276
414559
273536
627144
287783
880078
326715
296997
378216
829858
136446
679515
595960
681459
114807
473548
201812
253199
615957
344407
957851
740972
671379
835803
723513
185451
8181
874750
323260
265959
787783
614900
698578
343910
676371
544059
29326
305030
64797
466668
249181
748112
646600
611437
262963
18588
690613
314113
973025
834451
803370
879772
72462
167685
14628
244304
743180
437732
903631
102332
871896
451964
973736
112257
42075
521545
980937
252050
5087
570748
444221
896782
188402
149289
95226
209738
94371
59941
572840
704924
494837
694068
901724
488808
462588
908010
542438
530892
329281
432067
800879
591593
401398
962464
594772
797216
774375
534342
569362
741417
37651
438563
309025
402277
390230
906588
691370
923172
72458
804889
149932
683238
864892
198706
607495
177827
550240
484927
649668
134064
979106
450044
922768
573020
769869
852627
495384
225937
554516
298010
435363
560029
490579
831422
667273
56273
385043
499447
98578
556000
216640
619265
458433
524391
282134
117640
726701
202691
354969
416944
246975
289447
884674
435297
762311
587606
515795
736004
632407
537602
411203
465433
368656
774448
369526
589903
192658
33469
531433
551222
792784
50793
386348
93667
917424
359840
991610
398376
290886
652228
125926
292692
870968
137571
51035
145915
675354
55282
69110
79666
540477
649038
867039
560975
144796
751206
250609
683985
154865
692231
924982
693231
671257
803747
624160
196182
903098
791006
517873
402471
595995
117419
445118
980178
411676
118511
594465
231084
723413
223610
914548
137376
964358
451767
10744
143745
183753
825373
948870
166217
109230
307625
243510
598655
727246
432694
621434
67220
513411
854853
242816
884347
537409
666639
483670
423058
203919
886861
149298
26285
156741
19525
960572
931254
777682
787606
728873
219490
793002
480414
12428
77725
842136
351655
293240
288370
873908
846463
252932
978982
497076
527244
717673
868559
980794
30201
599966
297719
968096
587685
939826
296892
676074
922585
9476
89705
347052
312256
820973
939639
703821
401944
274218
32996
842424
165090
42211
185753
373398
195300
549150
357456
633928
170316
529208
629497
301851
92012
950460
747480
187639
431153
251394
205317
540588
715536
401651
919550
342178
203535
941317
561651
25490
313292
275161
95132
253026
684676
26135
815703
987989
414213
924320
772796
38534
582369
662963
505757
393376
379979
787853
255040
361796
73492
752000
272667
150550
68900
492408
126888
763439
122660
843574
169863
253982
987499
331966
320635
895155
434076
376470
617175
65877
134756
759490
773426
506833
478598
166783
958218
52572
895893
526174
962199
415681
686277
199855
951997
561292
2494
944582
184125
192268
899247
52264
865329
570638
754456
518813
51035
250403
342328
610602
959300
3508
170678
189163
227040
314001
978573
765833
671952
902117
534189
74316
867545
596486
881375
754181
567705
787643
379968
759342
892661
489493
192344