77
293
383
476
792
805
904
1014
1053
1056
1105
1719
1740
1838
2076
2297
2397
2489
2494
2597
2649
2674
2704
2788
2810
2959
2960
3194
3201
3203
3339
3508
3661
3754
3799
3999
4039
4047
4064
4106
4178
4359
4918
5087
5116
5160
5183
5227
5252
5354
5505
5528
5877
5914
5948
6061
6066
6100
6116
6151
6300
6517
6534
6589
6612
6761
6798
6922
6939
7006
7011
7079
7359
7576
7591
7697
7796
7907
8038
8094
8118
8181
8207
8277
8283
8398
8467
8590
8779
8855
9045
9250
9343
9476
9491
9581
9637
9691
9751
9754
9910
9966
10128
10230
10298
10502
10617
10725
10744
10770
10814
10978
11076
11191
11257
11409
11539
11557
11919
11976
12015
12025
12059
12080
12127
12428
12619
12968
13008
13157
13197
13346
13625
13713
13972
14070
14109
14279
14301
14312
14628
14814
14905
14985
15125
15129
15222
15342
15353
15385
15591
15685
16007
16109
16126
16143
16261
16361
16365
16483
16573
16748
16887
16964
17323
17720
17811
17849
17977
18027
18236
18331
18492
18568
18588
18604
18606
18619
18675
18865
18914
18930
19053
19250
19361
19381
19466
19489
19525
19548
19671
19704
19823
20172
20220
20260
20270
20300
20425
20486
20538
20668
20871
20895
21198
21278
21282
21297
21393
21443
21538
21690
21730
21871
22316
22674
22871
23490
23529
23586
23638
23727
23754
23785
23798
23987
24142
24518
24733
24817
24824
24969
25077
25278
25296
25314
25490
25590
25736
25815
26034
26135
26196
26285
26361
26415
26543
26692
26727
26874
26977
27094
27380
27549
27635
27762
27850
27892
27977
28145
28254
28369
28446
28679
28729
28772
28913
28965
29185
29326
29331
29467
29528
30201
30335
30430
30492
30545
30681
30771
30775
30850
30902
30926
31328
31338
31565
31803
31872
32037
32101
32109
32145
32245
32345
32394
32677
32679
32895
32996
33131
33233
33286
33469
33484
33515
33614
33619
34047
34083
34132
34212
34443
34450
34952
35100
35129
35133
35213
35225
35453
35517
35561
35603
35703
35777
36006
36249
36304
36343
36411
36607
36609
36803
36820
37013
37036
37200
37239
37241
37310
37315
37335
37350
37435
37499
37525
37549
37603
37631
37651
37719
37772
37807
38033
38376
38409
38443
38534
38583
38623
39049
39592
39611
39620
39771
39980
40167
40231
40272
40446
40475
40691
40717
40926
40964
41044
41098
41120
41142
41233
41253
41289
41476
41478
41566
41580
41691
41810
41863
42034
42075
42198
42211
42254
42319
42498
42553
42633
42661
42787
42950
42979
43284
43315
43587
43621
43649
43865
43906
43926
43983
44045
44048
44088
44156
44311
44334
44353
44581
44799
45109
45191
45216
45239
45395
45399
45517
45531
45564
45585
45613
46039
46232
46335
46363
46401
46439
46456
46584
46638
46667
46732
46806
46915
46922
47043
47107
47445
47464
47680
47810
47832
47879
47973
48026
48032
48059
48093
48121
48476
48508
48763
48784
49010
49080
49311
49395
49626
49687
49703
49762
49778
49858
49979
50087
50269
50536
50547
50669
50689
50749
50793
50960
51035
51035
51237
51254
51491
51703
51853
51876
51897
52054
52113
52127
52176
52264
52572
52673
52695
52707
52968
53093
53316
53359
53534
53552
53909
53930
54039
54363
54371
54613
54619
54836
55052
55068
55081
55106
55282
55346
55357
55380
55386
55483
55805
55820
55837
55919
56102
56118
56169
56173
56198
56273
56478
56622
56801
56849
56897
57055
57062
57112
57186
57211
57327
57432
57632
58066
58190
58244
58529
58673
58779
58782
58942
59095
59208
59230
59242
59267
59301
59364
59535
59589
59598
59673
59683
59731
59823
59858
59941
60067
60110
60258
60598
60609
60656
60715
60860
60899
61076
61371
61502
61616
61700
61910
61963
61971
62162
62662
62758
62768
62781
62800
62955
63105
63249
63264
63349
63387
63517
63573
63671
63750
63750
63778
63813
63838
64161
64461
64462
64505
64718
64793
64797
64882
65003
65301
65419
65420
65493
65509
65877
66103
66117
66275
66385
66404
66463
66473
66586
66782
66810
66848
66864
66969
67113
67161
67220
67223
67278
67292
67315
67438
67827
67894
68077
68146
68182
68296
68323
68437
68787
68857
68883
68893
68900
69110
69372
69377
69593
69876
70093
70117
70263
70266
70297
70351
70508
70578
70606
70609
70679
70987
71009
71105
71194
71505
71604
71848
71849
71860
71886
72060
72108
72115
72172
72326
72410
72430
72458
72462
72606
72728
72730
73044
73160
73375
73426
73491
73492
73591
73753
73768
73792
74019
74040
74059
74073
74316
74389
74425
74615
74698
74742
74939
74999
75045
75082
75116
75353
75404
75514
75520
75613
75686
75741
75762
75833
75874
75944
76195
76264
76539
76590
76591
76738
76789
77174
77176
77447
77725
77749
77771
77773
77842
77961
77986
78053
78346
78428
78741
78776
78865
78982
79069
79224
79296
79413
79666
79704
79768
79777
79782
79919
79995
80039
80073
80160
80231
80328
80394
80459
80514
80588
80633
80661
80995
81347
81526
81711
81884
81964
82089
82137
82490
82608
82752
82894
82904
83040
83141
83157
83198
83251
83300
83360
83414
83428
83515
83692
83904
83959
84101
84142
84165
84411
84432
84655
84856
84870
85022
85083
85093
85108
85270
85533
85550
85609
85618
85890
86021
86037
86066
86152
86282
86316
86387
86526
86647
86818
87068
87109
87211
87211
87226
87311
87329
87398
87452
87519
87523
87573
87595
87668
87826
87833
87989
88093
88124
88124
88228
88303
88495
88548
88881
88927
89069
89138
89205
89302
89359
89424
89518
89576
89585
89705
89708
89785
89828
89835
89907
90038
90123
90191
90450
90672
90744
90977
90984
91175
91394
91414
91525
91545
91593
91856
92012
92083
92291
92307
92488
92654
92717
92863
92975
93045
93195
93333
93473
93593
93667
93883
93957
94135
94208
94371
94411
94419
94503
94580
94720
94896
95106
95132
95146
95180
95226
95286
95485
95555
95674
95705
96183
96286
96590
96672
96758
96820
96839
96870
96905
97104
97194
97202
97300
97331
97394
97432
97488
97506
97535
97704
97825
97901
98158
98270
98295
98469
98578
98579
98612
98648
98840
98906
98998
99079
99162
99208
99265
99374
99389
99527
99709
99775
99889
100071
100287
100398
100438
100481
100484
100558
100694
100795
100826
100829
100899
101014
101058
101059
101312
101333
101468
101473
101486
101659
101888
101997
102004
102332
102377
102419
102477
102910
103010
103174
103252
103259
103457
103529
103533
103606
103881
104120
104382
104383
104472
104486
104553
104723
104846
104889
105188
105368
105447
105478
105646
105788
106015
106231
106432
106525
106543
106699
106703
107110
107569
107718
107736
107743
107758
107778
107875
108056
108060
108348
108452
108565
108655
108698
108731
108853
109230
109243
109344
109947
109979
109982
110033
110062
110109
110276
110583
110686
110702
110707
110818
110942
111028
111105
111248
111363
111374
111431
111448
111764
111805
111849
111946
112073
112130
112184
112196
112257
112391
112418
112451
112675
112738
113145
113231
113272
113325
113347
113355
113358
113395
113395
113447
113564
113742
113801
113844
114056
114106
114159
114264
114305
114311
114337
114362
114416
114547
114578
114621
114640
114649
114807
114903
114925
115042
115060
115176
115195
115208
115358
115366
115524
115532
115598
115752
115878
115909
115942
116022
116435
116655
116747
116791
116811
116844
116943
117279
117345
117419
117424
117489
117560
117640
117651
117684
117850
117894
117902
118058
118408
118511
118516
119141
119192
119205
119241
119261
119293
119309
119499
119514
119525
119598
119710
119741
119960
120053
120095
120203
120228
120244
120335
120414
120616
120660
120703
120940
121187
121230
121445
121474
121476
121549
121693
121706
121777
121827
121916
121963
122007
122102
122148
122236
122346
122368
122427
122572
122633
122660
122683
122890
122898
123020
123100
123262
123312
123334
123438
123585
123670
123772
123840
123844
123902
124019
124041
124125
124589
124599
124648
124770
124899
124925
124974
124994
125026
125124
125280
125354
125825
125903
125926
125990
126012
126045
126076
126097
126171
126387
126487
126516
126575
126646
126736
126824
126888
127098
127188
127265
127457
127478
127589
127735
127998
128418
128480
128504
128563
128592
128646
128727
128832
128875
129074
129089
129101
129360
129674
129684
129713
129800
129998
130030
130117
130175
130221
130222
130239
130253
130341
130356
130357
130537
130592
130596
130603
130744
130772
130876
131139
131200
131262
131301
131359
131431
131460
131659
131885
132169
132212
132410
132444
132792
132972
133002
133080
133133
133284
133395
133455
133500
133520
133682
133685
133924
133987
134026
134064
134362
134413
134554
134756
134759
134976
135082
135278
135342
135612
135772
136067
136185
136279
136282
136430
136446
136590
136661
136707
136752
136753
136804
137022
137029
137115
137301
137376
137466
137571
137621
137630
137697
137759
137881
138066
138077
138214
138235
138282
138447
138563
138703
138782
138896
139170
139189
139434
139480
139499
139695
139876
139908
139937
139969
139975
140067
140084
140150
140442
140525
140687
140728
140906
140916
141097
141242
141255
141317
141476
141715
141729
141878
141951
141981
142131
142227
142607
142700
142787
142861
143389
143486
143745
143970
144233
144333
144355
144502
144796
144853
144879
144923
144969
145147
145204
145837
145915
146015
146275
146514
146546
146686
146725
146744
146887
147181
147292
147507
147521
147560
147586
147701
147705
147820
147949
148135
148162
148167
148329
148547
148650
149148
149150
149289
149298
149310
149383
149474
149518
149557
149608
149615
149660
149685
149768
149796
149878
149883
149885
149932
150102
150112
150196
150394
150429
150480
150550
150919
150945
151064
151096
151207
151230
151259
151338
151357
151382
151440
151587
151823
151831
151839
151890
152226
152459
152509
152645
152661
152687
152775
152810
152913
152970
153040
153308
153359
153457
153460
153487
153513
153543
153641
153868
154009
154129
154159
154433
154537
154563
154573
154723
154865
154898
155027
155109
155337
155605
155661
155812
155872
156004
156011
156076
156152
156158
156206
156303
156436
156521
156741
156824
156979
157044
157057
157100
157136
157210
157272
157381
157435
157454
157604
157703
157759
157923
157943
158037
158112
158156
158185
158478
158490
158504
158910
158936
158945
159168
159335
159434
159804
159855
159952
160114
160266
160277
160315
160396
160501
160525
160652
160796
160955
161023
161260
161479
161496
161536
161615
161651
161658
161700
162022
162108
162357
162420
162611
162682
162715
162745
163029
163316
163328
163388
163633
163707
163755
163769
163858
163895
164189
164194
164286
164326
164451
164485
164620
164651
165090
165152
165211
165216
165402
165448
165519
165526
165538
165561
165683
165754
165779
165874
165924
165940
165953
166137
166156
166217
166420
166554
166783
166789
166853
166867
166908
166969
166973
166992
167149
167176
167180
167222
167402
167456
167648
167685
167829
168110
168373
168644
168652
168697
168804
168822
168840
168840
168984
169041
169168
169228
169466
169517
169623
169627
169634
169686
169696
169773
169780
169824
169849
169863
169865
170056
170130
170158
170316
170349
170356
170403
170563
170678
170959
170979
171214
171456
171606
171643
171698
171721
171751
172041
172408
172410
172421
172437
172530
172632
172749
172911
173135
173289
173473
173525
173583
173601
173686
173815
173817
173908
174012
174111
174146
174155
174502
174900
174920
174951
174963
175010
175159
175197
175204
175233
175245
175324
175349
175362
175460
175490
175905
175924
176015
176289
176300
176330
176505
176515
176571
176836
176887
176958
177008
177032
177069
177218
177827
178038
178149
178372
178418
178655
178867
179106
179238
179259
179284
179511
179551
179602
180173
180579
180864
180943
180949
181054
181202
181326
181616
181629
181928
181952
181991
182098
182116
182403
182612
182669
182672
182936
182942
183053
183118
183148
183365
183565
183729
183735
183753
183763
183994
184016
184125
184234
184262
184506
184574
184659
184748
184755
184809
184810
184853
184950
185129
185162
185210
185213
185351
185433
185451
185466
185546
185549
185562
185678
185717
185753
185761
185802
185807
185894
186128
186154
186492
186503
186532
186777
186891
187458
187483
187577
187639
187677
187940
187996
188057
188133
188402
188639
188795
188930
189163
189243
189289
189373
189396
189575
189649
189708
189708
189779
189954
190132
190134
190367
190468
190481
190519
190744
190931
190937
190946
190965
191033
191097
191118
191422
191822
191848
191910
191933
192147
192255
192268
192344
192605
192636
192658
192659
192770
192809
192841
192883
192969
193066
193156
193188
193202
193284
193398
193530
193756
193962
194068
194079
194132
194211
194294
194471
194770
194830
194860
194877
195223
195230
195271
195297
195300
195324
195433
195598
195607
195608
195610
195715
195726
195982
196026
196182
196193
196227
196374
196489
196611
196649
196815
196820
196833
197010
197052
197267
197380
197468
197659
197751
197855
197893
197939
197951
198117
198185
198291
198485
198510
198599
198663
198706
198813
198846
198925
198930
199132
199185
199186
199202
199261
199308
199570
199614
199666
199855
199862
200016
200057
200097
200611
200613
200703
200705
201018
201040
201177
201217
201267
201493
201578
201619
201625
201628
201661
201663
201670
201780
201812
201868
201885
201945
202003
202036
202118
202277
202593
202691
202707
202713
202903
203026
203080
203127
203165
203369
203434
203462
203531
203535
203702
203729
203883
203919
204115
204152
204182
204193
204351
204382
204662
204734
204782
204822
204970
205269
205287
205317
205422
205660
205871
205886
205900
205906
205954
205983
206341
206411
206489
206540
206751
206841
206989
207013
207013
207473
207639
207863
207976
208085
208117
208128
208167
208503
208558
208604
208807
209078
209112
209135
209170
209194
209357
209433
209738
209775
210169
210362
210489
210554
210671
210797
210811
210859
210862
210897
210900
210923
210951
211047
211054
211159
211227
211256
211311
211333
211418
211437
211510
211679
211721
211809
211946
211992
212093
212159
212186
212242
212249
212298
212306
212462
212473
212526
212817
212835
212840
212856
213015
213113
213235
213268
213291
213310
213584
213617
213732
213794
213950
214175
214405
214501
214559
214604
214715
214976
214977
214987
215033
215139
215178
215197
215345
215490
215528
215553
215584
215595
215630
215660
215806
215843
215890
215959
216000
216131
216144
216300
216398
216437
216640
216804
217116
217158
217246
217501
217546
217594
217649
217746
217896
217897
218052
218197
218202
218328
218397
218408
218433
218625
218773
218784
218969
219096
219226
219365
219490
219506
219574
219600
219780
219828
219889
219905
219962
220007
220136
220276
220282
220355
220749
220756
220910
221148
221333
221337
221380
221542
221593
221699
221713
221717
221952
222077
222448
222529
222573
222586
222670
222781
223170
223331
223445
223479
223610
223744
223857
223875
223875
223986
223995
224293
224448
224461
224695
224725
224765
224992
225159
225188
225331
225369
225392
225422
225811
225844
225870
225897
225937
225974
226183
226203
226267
226538
226626
226700
226803
226862
227040
227209
227358
227391
227416
227474
227537
227680
227909
228099
228213
228237
228246
228331
228333
228377
228450
228471
228521
228623
228823
228903
229087
229207
229252
229297
229379
229403
229490
229605
229641
229657
229731
229742
229746
229797
229813
229905
230033
230049
230222
230373
230486
230559
230573
230579
230802
230997
231060
231084
231579
231738
232064
232065
232137
232253
232258
232346
232547
232718
232804
232822
232888
232947
233086
233204
233256
233388
233490
233492
233495
233638
233700
233776
233999
234088
234801
234832
234972
235038
235057
235117
235209
235212
235280
235365
235491
235612
235718
235756
235879
235947
236042
236044
236054
236148
236192
236202
236234
236407
236685
236778
236797
236946
237030
237139
237209
237218
237298
237433
237507
237529
237808
237822
237852
238043
238253
238256
238367
238536
238751
238779
238848
238882
238959
238995
239048
239049
239271
239501
239516
239734
239789
240179
240197
240246
240462
240514
240575
240599
240684
240713
240825
241186
241256
241424
241504
241696
241762
241776
242011
242015
242092
242270
242342
242430
242443
242444
242678
242816
242843
242964
243062
243098
243118
243172
243238
243270
243377
243385
243475
243487
243510
243599
243741
243785
243806
244120
244192
244304
244314
244314
244316
244358
244382
244419
244419
244449
244591
244685
244717
244994
244995
245153
245189
245235
245563
245662
245690
245722
245765
245820
245974
246076
246253
246268
246397
246492
246498
246503
246530
246552
246566
246850
246903
246943
246975
246992
247244
247283
247285
247319
247444
247769
247859
248002
248030
248170
248220
248720
248821
248823
248880
248964
248975
249031
249108
249181
249258
249316
249373
249476
249711
249762
249766
249848
249944
249962
250038
250163
250183
250362
250367
250403
250528
250530
250532
250609
250625
250652
250778
250969
250989
251394
251414
251546
251848
252050
252135
252618
252866
252932
253018
253026
253029
253175
253199
253223
253277
253357
253366
253387
253655
253785
253842
253982
254096
254115
254231
254293
254385
254637
254904
255010
255040
255061
255141
255193
255224
255331
255678
256082
256135
256184
256302
256383
256432
256454
256486
256631
256726
256749
256756
256828
256959
256992
257053
257128
257132
257202
257265
257295
257352
257529
257599
257652
257744
257765
257959
258236
258240
258273
258314
258363
258476
258617
258650
258842
258975
259076
259095
259137
259142
259153
259180
259278
259483
259704
259725
259939
260122
260579
260793
260821
260834
260891
260994
261123
261182
261324
261342
261387
261498
261522
261584
261654
261678
261805
261832
261972
262133
262140
262432
262475
262561
262591
262645
262855
262963
263101
263240
263374
263388
263426
263532
263829
263839
263880
263898
263921
263978
264455
264494
264695
264725
264759
264781
264782
264812
264851
264883
264913
265069
265114
265146
265269
265273
265314
265382
265544
265556
265595
265691
265782
265813
265875
265932
265959
266001
266056
266408
266803
266940
266979
267014
267303
267316
267327
267331
267377
267554
267938
268125
268200
268317
268333
268395
268441
268479
268625
268627
268780
268789
268790
268805
268899
269070
269087
269359
269375
269384
269444
269566
269725
269735
269813
269966
270119
270172
270415
270449
270548
270562
270628
270640
270778
270943
270975
270999
271036
271142
271150
271163
271210
271255
271444
271535
271581
271805
271817
272004
272040
272058
272064
272092
272300
272302
272316
272438
272546
272574
272588
272615
272667
272706
273019
273251
273301
273380
273404
273443
273488
273536
273637
273639
273651
273659
273945
273996
274074
274218
274242
274254
274270
274344
274362
274400
274613
274978
275116
275161
275192
275220
275411
275502
276202
276209
276360
276371
276467
276506
276867
276948
277290
277441
277493
277747
277776
277823
277831
277904
277919
278049
278159
278189
278339
278440
278454
278545
278615
278807
278919
278936
278986
279102
279194
279680
279715
279887
279998
280005
280152
280473
280516
280740
280751
280761
280950
280995
281033
281066
281103
281191
281201
281220
281364
281411
281610
281654
281691
281734
281774
281811
281909
282007
282048
282134
282355
282545
282614
282823
282825
282942
283085
283114
283157
283259
283287
283307
283467
283479
283543
283568
283637
283779
283825
283903
283994
284057
284073
284472
284485
284590
284597
284714
284840
284928
284990
285191
285199
285293
285421
285538
285553
285624
285667
285746
285773
286493
286574
286618
286661
286786
286868
286946
287145
287156
287184
287381
287541
287549
287782
287783
288202
288370
288468
288614
288677
288777
288838
288845
288871
289090
289184
289189
289299
289447
289471
289625
290101
290296
290529
290556
290582
290733
290735
290796
290886
290946
291085
291598
291653
291784
291816
291830
291831
292080
292310
292373
292398
292501
292692
292721
292794
292794
292959
292971
293012
293199
293240
293369
293394
293420
293497
293719
293742
294343
294418
294512
294863
294883
294956
295052
295234
295349
295746
295767
295864
296085
296106
296117
296326
296393
296892
296905
296997
297017
297141
297229
297282
297370
297598
297632
297673
297719
297778
297806
297811
298010
298117
298187
298220
298293
298388
298542
298554
298583
298585
298628
298645
298699
298706
298708
298760
298771
298970
299033
299163
299236
299248
299294
299579
299718
299946
300120
300123
300133
300360
300428
300453
300640
300698
300704
300706
300738
300767
300953
301000
301028
301096
301155
301404
301439
301511
301574
301587
301635
301851
301915
302151
302340
302350
302470
302568
302608
302679
302683
302698
302702
302703
302783
302862
302962
303087
303182
303220
303320
303539
303903
304141
304171
304208
304372
304423
304540
304562
304586
304879
305030
305083
305096
305153
305360
305398
305539
305612
305627
305681
306045
306174
306283
306470
306484
306496
306508
306685
306731
306746
306920
307034
307083
307180
307197
307364
307460
307475
307481
307580
307618
307625
307642
307661
307679
307778
307997
308000
308015
308096
308168
308235
308275
308409
308411
308478
308598
308605
308659
308700
308940
309022
309025
309219
309279
309298
309450
310004
310301
310851
310924
310936
311089
311092
311156
311250
311455
311625
311658
311672
311884
311885
312006
312009
312060
312256
312310
312323
312610
312673
312867
312873
312908
312972
313005
313198
313292
313374
313430
313463
313555
313690
313751
313798
313856
313924
314001
314075
314113
314225
314292
314298
314468
314635
314859
314951
314952
314995
315064
315224
315289
315405
315513
315625
315640
315702
315761
315820
315887
316222
316288
316390
316501
316518
316566
316678
317086
317139
317197
317530
317550
317617
317630
317659
317675
317749
317767
317797
317809
317965
317968
318019
318154
318527
318550
318556
318567
318688
318688
318804
318859
318864
318934
319055
319171
319539
320010
320074
320295
320518
320547
320635
320738
320808
320953
321014
321092
321489
321636
321734
321736
321888
321893
321992
322084
322124
322149
322299
322469
322473
322486
322690
322691
322719
322738
323079
323187
323260
323261
323351
323569
323930
324019
324144
324152
324370
324522
324526
324840
324872
324877
325155
325167
325287
325287
325327
325358
325426
325454
325531
325540
325642
325803
325825
326036
326128
326412
326627
326715
326724
327127
327140
327142
327177
327279
327527
327537
327581
327874
327883
327991
328169
328208
328253
328373
328422
328669
328682
328727
328738
328982
328986
329101
329131
329140
329281
329400
329422
329534
329635
329866
330068
330147
330280
330303
330494
330618
330775
330847
330878
330957
331308
331549
331579
331745
331785
331922
331966
331968
332165
332299
332377
332606
332795
332886
333015
333030
333172
333372
333890
333980
334094
334136
334188
334259
334636
334811
335238
335526
335654
335843
335854
335978
335984
336047
336082
336235
336314
336563
336696
336942
337133
337222
337234
337295
337438
337564
337587
337603
337680
338085
338306
338358
338654
338680
338720
338840
338948
339177
339318
339457
339497
339683
339834
339979
340023
340024
340028
340238
340268
340280
340286
340382
340424
340747
341039
341279
341471
341545
341557
341735
341790
341847
341914
341932
341963
342019
342089
342136
342178
342328
342434
342805
342832
342849
343107
343114
343120
343161
343346
343392
343511
343708
343910
344006
344255
344377
344407
344432
344447
344489
344568
344965
345015
345188
345474
345512
345596
345666
345695
346203
346243
346275
346354
346384
346477
346488
346572
346659
346718
346746
346767
346902
347052
347065
347473
347789
348277
348337
348398
348412
348483
348591
348823
349081
349252
349470
349538
349539
349546
349713
349803
349921
349993
350006
350134
350141
350239
350288
350316
350324
350493
350507
350635
350655
350690
350839
351049
351264
351451
351557
351579
351640
351655
351748
351766
351930
352024
352030
352096
352135
352149
352162
352534
352581
352672
352940
353007
353110
353133
353255
353261
353370
353426
353437
353439
353518
353549
353555
353601
353738
353811
353916
353932
354011
354068
354231
354557
354632
354692
354815
354822
354914
354969
355559
355670
355814
356073
356414
356785
356807
356813
356826
356854
356913
356968
357272
357387
357438
357446
357451
357456
357483
357555
357576
357692
357780
357981
358102
358194
358221
358224
358273
358416
358700
359011
359046
359285
359399
359446
359571
359614
359631
359706
359752
359838
359840
359857
359875
359962
359989
360028
360028
360110
360110
360182
360336
360556
360595
360640
360796
360817
360998
361095
361244
361272
361320
361338
361397
361418
361533
361556
361651
361796
361973
362102
362378
362628
363086
363197
363199
363268
363541
363625
363818
364020
364127
364349
364501
364505
364603
364739
364850
365044
365052
365141
365142
365240
365582
365597
365630
365860
366035
366076
366125
366159
366171
366191
366458
366532
366585
366589
366869
366884
367144
367186
367192
367318
367338
367406
367445
367611
367644
368048
368656
368710
368809
368813
369095
369200
369294
369341
369357
369465
369526
369554
369619
369773
369867
369989
369994
370225
370284
370315
370475
370495
370507
370533
370557
370613
370801
370893
371165
371255
371276
371277
371290
371341
371408
371545
371605
371630
371641
371678
371699
371759
371802
371926
372084
372166
372273
372394
372486
372641
372693
372779
372833
372894
373062
373374
373398
373476
373495
373610
373611
373661
373803
373889
373928
373960
374122
374164
374530
374560
374649
374672
374677
374913
374935
374979
375040
375093
375158
375472
375583
375599
375773
375906
375927
375971
376029
376044
376209
376415
376470
376562
376659
376699
376799
376887
377059
377142
377312
377367
377536
377607
377684
377821
377958
378036
378177
378216
378374
378403
378658
378806
378809
378812
378816
378819
378934
378964
379008
379018
379019
379052
379068
379076
379103
379176
379200
379261
379322
379327
379371
379477
379490
379544
379636
379666
379745
379879
379968
379979
380302
380347
380388
380390
380752
381007
381110
381221
381377
381421
381515
381642
382148
382303
382335
382390
382471
382734
382934
382936
383292
383308
383410
383640
383660
383698
383776
383950
384061
384077
384283
384290
384472
384651
384812
384822
385009
385016
385043
385094
385162
385164
385202
385403
385446
385645
385678
385720
385726
385839
385886
385972
386045
386076
386148
386185
386308
386348
386595
386604
386672
386847
387022
387870
388106
388184
388350
388366
388428
388506
388647
388987
389065
389159
389177
389204
389205
389278
389341
389354
389392
389433
389537
389648
389670
389673
389895
389906
390046
390111
390169
390213
390230
390313
390347
390466
390806
390969
391020
391040
391122
391146
391274
391277
391508
391615
391841
391911
391962
391979
392058
392360
392566
393237
393324
393376
393445
393488
393503
393508
393601
393940
394212
394222
394459
394750
394989
395286
395378
395475
395546
395605
395640
395677
395753
395914
396093
396096
396312
396342
396447
396448
396561
396563
396985
397278
397311
397634
397835
397917
397921
398041
398086
398344
398376
398410
398455
398643
398763
398785
398825
398897
398936
399304
399349
399364
399372
399409
399412
399436
399615
399638
399709
399755
399846
400094
400190
400803
400808
401145
401148
401152
401169
401296
401393
401398
401478
401481
401571
401624
401629
401635
401651
401789
401913
401944
402048
402167
402256
402277
402380
402471
402910
403108
403496
403550
403761
403957
404082
404273
404346
404405
404572
404708
404780
404872
404885
405040
405191
405373
405455
405476
405481
405570
405695
405698
406098
406395
406660
406732
406740
406807
406954
407033
407357
407373
407473
407507
407557
407570
407590
407595
407661
407726
407748
407899
407899
408013
408142
408172
408259
408260
408388
408400
408498
408532
408553
408607
408634
408662
408766
409045
409096
409270
409273
409322
409334
409442
409491
409555
409595
409817
409851
409893
409900
409949
410089
410123
410293
410313
410397
410502
410614
410744
410836
411020
411203
411258
411261
411354
411368
411376
411428
411490
411676
411903
411920
412102
412118
412118
412129
412355
412384
412560
412618
412619
412703
412714
412757
413024
413034
413095
413143
413162
413171
413421
413546
413591
414008
414116
414159
414180
414213
414231
414244
414336
414559
414578
414620
414730
414826
414880
414913
415266
415266
415386
415414
415462
415519
415556
415586
415651
415681
415801
415874
415980
416090
416124
416132
416157
416165
416358
416454
416763
416793
416915
416944
417016
417100
417156
417175
417233
417316
417480
417497
417499
417654
417681
417845
417918
418210
418216
418469
418509
418517
418956
419045
419080
419583
419593
419632
419748
419897
419931
420138
420350
420693
420873
420897
421020
421177
421249
421287
421424
421432
421455
421512
421531
421537
421618
421669
421803
421838
421960
422016
422031
422045
422135
422167
422259
422411
422446
422491
422500
422681
422735
422841
422875
422900
422903
422917
422926
423058
423187
423204
423229
423277
423306
423363
423706
423765
423784
424153
424360
424603
424745
424869
424991
425224
425233
425257
425355
425415
425456
425459
425498
425506
425535
425585
425685
425722
425774
426002
426016
426068
426169
426316
426408
426447
426455
426467
426583
426596
426610
426688
426742
426886
427018
427177
427289
427352
427540
427579
427662
427868
427959
428035
428072
428149
428176
428396
428579
428678
428774
428776
428781
428787
428827
429011
429493
429699
429771
429774
429890
429964
430094
430124
430294
430396
430411
430433
430494
430546
430641
430679
430690
430761
430832
430899
430929
430965
431047
431052
431150
431153
431166
431731
431756
431880
432026
432067
432168
432209
432397
432478
432694
432753
433024
433166
433273
433409
433433
433517
433620
433660
433690
433821
433960
433994
434076
434095
434231
434263
434269
434473
434619
434707
434764
435058
435060
435087
435297
435363
435389
435460
435637
435769
435779
435960
436071
436244
436252
436488
436512
436528
436548
436858
436938
437150
437292
437386
437542
437607
437698
437732
437773
437952
437968
437996
438133
438301
438344
438390
438498
438563
438626
438776
438813
438881
438913
439010
439114
439122
439363
439391
439459
439489
439529
439567
439598
439622
439642
439767
439889
439966
440028
440136
440195
440288
440694
440730
440784
440946
440958
441087
441262
441296
441349
441396
441408
441531
441599
441630
441882
441935
442018
442120
442199
442301
442327
442390
442486
442543
442789
443009
443067
443172
443259
443363
443572
443645
443841
443921
444016
444078
444141
444221
444275
444415
444457
444521
444587
444631
444669
444681
444698
444803
444813
444844
444970
445018
445057
445118
445183
445224
445228
445234
445363
445427
445712
445719
446054
446110
446367
446544
446653
446914
447057
447103
447125
447132
447283
447374
447418
447500
447536
447545
447574
447604
447684
447730
447765
447782
447873
447957
448006
448019
448116
448137
448186
448188
448293
448299
448448
448503
448515
448736
448951
449040
449053
449089
449333
449408
449683
449865
449892
449965
450024
450032
450033
450044
450194
450324
450491
450624
450630
450786
450838
450980
451102
451211
451275
451396
451475
451605
451712
451747
451767
451844
451865
451876
451964
452082
452087
452223
452322
452369
452376
452390
452398
452638
452692
453013
453036
453056
453167
453267
453386
453439
453651
453687
453854
453940
454074
454368
454561
454672
454698
454709
454721
454723
454759
454833
454835
454876
454907
454928
455394
455908
455924
456062
456099
456099
456339
456625
456837
456847
456925
456952
457001
457524
457644
457672
457933
458015
458024
458033
458046
458061
458132
458147
458315
458399
458409
458433
458460
458500
458542
458562
458879
459031
459090
459104
459199
459204
459338
459610
459725
459767
459784
459852
459980
460223
460552
460572
460603
460739
460843
460924
461112
461153
461199
461397
461433
461609
461722
461768
461869
461941
462046
462055
462140
462212
462296
462503
462588
462679
462871
462878
463075
463154
463392
463653
463674
463779
463824
463827
463856
464203
464476
464858
464885
465128
465168
465288
465294
465433
465468
465591
465630
465634
465671
465798
465898
466056
466069
466213
466352
466377
466386
466668
466676
466926
467106
467217
467294
467557
467586
467910
468362
468538
468858
469008
469039
469059
469243
469406
469503
469517
469572
470051
470122
470750
470925
471085
471248
471305
471446
471478
471585
471630
471669
471680
471777
471783
471866
472025
472033
472250
472475
472875
472920
473150
473232
473390
473405
473474
473514
473548
473907
474060
474110
474125
474216
474220
474270
474452
474555
474618
474714
474803
474943
475361
475429
475488
475512
475543
475636
475657
475695
475704
475749
475770
475905
475905
476030
476040
476111
476147
476187
476248
476345
476437
476552
476685
476698
477181
477212
477278
477289
477309
477380
477453
477513
477590
477710
477744
477763
477784
477814
477843
478018
478105
478360
478397
478573
478598
478661
478675
478717
478749
478777
479123
479155
479253
479284
479310
479338
479356
479584
479785
479881
479969
480020
480312
480339
480414
480449
480644
480741
480963
480996
481013
481333
481585
481662
481681
481684
481697
481743
481752
481784
481789
481803
481859
481883
482038
482497
482511
482628
482693
482732
482794
482941
483482
483670
483744
484269
484273
484276
484316
484397
484576
484633
484650
484927
485185
485257
485383
485593
485661
485854
485951
486024
486056
486169
486184
486207
486213
486270
486367
486427
486461
486478
486870
487133
487242
487327
487366
487474
487562
487567
487568
487590
487616
487754
487836
487888
487960
488006
488018
488112
488113
488204
488244
488302
488540
488623
488808
488814
488947
489003
489114
489172
489281
489302
489313
489374
489427
489493
489536
489571
489628
489758
489795
489837
489889
490132
490177
490202
490339
490341
490373
490409
490579
490680
491342
491429
491433
491479
491600
491770
491907
491957
492003
492284
492371
492408
492507
492526
492541
492580
492833
493149
493205
493277
493796
493926
493986
494126
494328
494411
494417
494440
494540
494584
494587
494621
494683
494779
494819
494837
494960
495027
495384
495418
495734
495813
495874
495916
495932
495963
496101
496147
496286
496394
496479
496658
496663
496703
496818
496891
496985
496993
497076
497111
497159
497336
497404
497425
497682
497697
497746
497766
497801
497956
498169
498197
498314
498375
498381
498397
498477
498495
498542
498662
498712
498788
499019
499290
499351
499447
499515
499572
499614
499702
499855
499899
499961
499983
500024
500181
500251
500278
500279
500533
500623
500701
500767
500807
500854
501230
501342
501354
501422
501455
501484
501719
501840
501937
501990
502004
502088
502337
502355
502520
502891
502914
502979
503250
503261
503283
503316
503319
503358
503444
503545
503727
503848
504009
504098
504159
504183
504242
504350
504357
504379
504481
504560
504660
504714
504745
504821
504851
504861
504996
505038
505192
505349
505357
505502
505601
505686
505736
505757
505808
505899
506046
506080
506179
506202
506392
506464
506513
506551
506665
506752
506761
506833
506855
507079
507457
507496
507565
507570
507729
507840
508189
508351
508475
508601
508602
508619
508749
508821
508938
509263
509375
509598
509811
509853
509920
509938
509988
509991
510103
510196
510233
510241
510358
510459
510599
510635
510648
510700
510887
511056
511061
511085
511199
511288
511371
511496
511618
511652
511702
511798
511849
511916
512031
512093
512227
512346
512545
512710
512739
512811
512914
513023
513035
513060
513330
513364
513407
513411
513527
513588
513622
513738
513857
513860
513867
513884
513909
514087
514173
514241
514272
514454
514686
514714
515063
515223
515411
515493
515548
515772
515795
515837
515918
515927
515936
516144
516157
516295
516496
516948
517284
517287
517296
517621
517624
517873
517901
517930
518019
518232
518295
518302
518332
518527
518568
518598
518625
518806
518813
519092
519281
519285
519352
519599
519658
519767
519882
519924
519979
519981
520085
520135
520181
520568
520587
520679
521241
521377
521545
521567
521601
521771
521778
521831
521850
521921
522017
522061
522083
522192
522204
522219
522433
522527
522549
522624
522744
523003
523027
523151
523267
523513
523646
523962
523966
524096
524296
524351
524380
524386
524391
524544
524556
524559
524705
524751
524808
524856
524899
524931
525050
525145
525204
525234
525268
525270
525287
525307
525749
526028
526174
526178
526277
526558
526559
526569
526594
526594
526756
526844
527109
527189
527207
527207
527235
527244
527312
527383
527470
527602
527680
527883
527887
528273
528433
528549
528795
528839
528911
528974
529208
529309
529334
529396
529794
530034
530107
530126
530134
530196
530326
530377
530571
530592
530678
530693
530727
530780
530823
530868
530892
531057
531078
531098
531197
531288
531324
531433
531552
531591
531790
531792
531902
531930
531934
532127
532230
532235
532481
532618
532802
533077
533141
533248
533249
533256
533302
533335
533375
533437
533468
533573
533724
533739
533799
534027
534129
534189
534267
534293
534315
534342
534913
534988
535152
535165
535197
535467
535468
535787
535791
535844
535846
535868
535942
536068
536366
536475
536618
536774
536923
536986
536996
537000
537040
537073
537295
537409
537414
537543
537576
537602
537605
537716
537771
537810
537891
538021
538033
538063
538172
538420
538537
538540
538545
538778
538841
538979
539001
539030
539145
539187
539262
539305
539428
539606
539632
539648
539657
539727
539826
539852
539853
540098
540211
540477
540588
540736
540809
541153
541346
541480
541487
541582
541718
541770
541904
542051
542076
542087
542165
542195
542224
542316
542350
542362
542406
542424
542438
542491
542672
542678
542772
542930
542955
543152
543257
543370
543529
543600
543667
543800
544059
544101
544131
544138
544165
544398
544477
544480
544594
544637
545041
545066
545086
545230
545261
545262
545381
545389
545396
545458
545469
545495
545697
545701
545708
545944
546043
546092
546135
546230
546268
546402
546471
546523
546536
546579
546663
546775
546925
546975
547316
547423
547514
547787
547805
548375
548468
548483
548587
548790
548857
549006
549150
549332
549337
549521
549589
549975
550118
550148
550215
550240
550335
550467
550517
550746
551099
551222
551227
551323
551374
551487
551814
551990
552053
552271
552396
552628
552635
552688
552697
552760
552761
552848
552854
552861
552999
553051
553091
553156
553176
553322
553549
553628
553628
553634
553741
553989
554058
554090
554115
554218
554401
554516
554652
554770
554956
555175
555347
555744
555745
555767
555853
555902
556000
556088
556215
556392
556408
556613
556628
556791
556882
556927
556986
557099
557157
557186
557448
557454
557504
557532
557581
557605
558044
558048
558052
558120
558200
558291
558384
558431
558652
558679
559215
559280
559293
559331
559384
559395
559667
559852
559912
560029
560096
560137
560241
560385
560472
560533
560538
560567
560880
560975
561065
561128
561141
561292
561310
561651
561719
561745
561852
561867
561958
562041
562055
562164
562278
562499
562514
562544
563149
563189
563238
563300
563331
563349
563407
563499
563562
563666
563768
564281
564414
564421
564424
564522
564714
564771
564810
564826
564836
564888
564897
564919
565191
565359
565471
565591
565791
565944
566218
566261
566444
566501
566566
566623
566644
566702
566795
566866
566903
567108
567297
567333
567356
567361
567412
567526
567705
568158
568273
568295
568310
568527
568544
568756
568926
569046
569080
569097
569362
569411
569433
569472
569658
569682
569738
569805
569873
570024
570039
570144
570200
570328
570346
570427
570558
570638
570748
570753
570798
571125
571154
571166
571235
571242
571462
571542
571560
571622
571796
571960
571987
572089
572553
572696
572728
572790
572801
572840
572952
573020
573031
573057
573109
573200
573319
573410
573503
573520
573572
573695
573780
573843
573861
574049
574220
574233
574437
574470
574616
574690
575007
575096
575165
575252
575714
575742
575760
575773
575870
575896
575910
575974
576107
576131
576174
576244
576309
576321
576370
576471
576535
576550
576893
576924
576935
577020
577025
577356
577419
577765
577844
577904
577999
578051
578077
578329
578352
578509
578669
578679
578723
578755
578810
578908
578964
578969
579248
579478
579490
579656
579849
579849
580107
580204
580508
580515
580606
580622
580659
580965
581006
581038
581055
581105
581118
581623
581636
581658
581757
581964
582305
582369
582406
582412
582452
582508
582545
582665
582669
582715
582729
582731
582735
582918
583110
583138
583283
583438
583517
583534
583642
583997
584094
584135
584217
584276
584303
584415
584722
584772
584820
585044
585069
585325
585420
585515
585563
585572
585763
586091
586190
586382
586490
586512
586665
586839
586885
587023
587059
587146
587214
587228
587479
587539
587606
587685
587794
587970
588023
588075
588207
588250
588260
588292
588402
588433
588488
588513
588515
588595
588616
588717
588755
588766
588774
588876
588909
589028
589249
589314
589336
589350
589362
589363
589464
589520
589528
589577
589579
589600
589647
589726
589878
589903
590088
590110
590333
590360
590434
590460
591006
591057
591137
591165
591187
591202
591326
591392
591445
591593
591657
591705
591840
591955
592068
592177
592492
592531
592697
592775
592792
592829
592832
592865
592960
593048
593135
593159
593176
593181
593444
593613
593627
593829
593940
593990
594096
594382
594442
594451
594465
594532
594615
594625
594672
594723
594772
594843
594906
595004
595032
595048
595180
595275
595416
595427
595446
595522
595634
595849
595852
595899
595960
595970
595979
595995
596486
596826
596833
596858
596875
596891
597065
597100
597422
597448
597496
597497
597704
597720
597756
597960
598001
598023
598093
598185
598197
598284
598491
598627
598655
598701
598755
598767
599203
599247
599279
599299
599344
599354
599485
599505
599640
599651
599706
599802
599825
599832
599915
599956
599966
599990
600097
600172
600798
600828
600976
601020
601078
601084
601110
601195
601203
601278
601313
601368
601442
601552
601771
602034
602086
602190
602226
602292
602317
602370
602420
602491
602574
603122
603280
603289
603295
603352
603408
603410
603492
603554
603678
603748
603976
604168
604408
604648
604812
604973
604986
605047
605065
605345
605358
605565
605745
605781
605815
606089
606122
606169
606273
606312
606517
606570
606611
606673
606799
607210
607233
607286
607333
607371
607453
607461
607495
607774
607850
607869
607946
608138
608168
608407
608492
608532
608628
608722
608740
608796
608805
608972
609011
609204
609273
609387
609793
609810
609983
610034
610218
610255
610357
610379
610405
610504
610602
610607
610640
610653
610716
610912
610938
611314
611339
611400
611437
611472
611502
611528
611573
611644
611688
611707
611946
612037
612182
612413
612479
612716
612791
612881
612980
613216
613318
613331
613371
613624
613703
613732
613761
613864
613872
613958
614226
614260
614341
614394
614400
614443
614450
614644
614884
614896
614900
615014
615051
615242
615448
615478
615508
615519
615532
615697
615719
615889
615957
616251
616314
616426
616550
616685
616823
617175
617207
617234
617298
617320
617513
617669
617749
617937
617956
617991
618114
618118
618128
618468
618813
618818
618933
618959
619131
619140
619210
619241
619265
619369
619554
619634
619709
619732
619741
619768
619908
619916
619931
620198
620282
620599
620616
620616
620754
620837
620857
620905
620945
621024
621254
621390
621434
621456
621636
621638
621741
621785
621829
622092
622243
622272
622277
622278
622300
622619
622648
622982
623015
623338
623435
623485
623594
623780
623796
623945
624160
624258
624541
624647
624668
625001
625150
625161
625318
625605
625652
625792
625839
625890
625937
626011
626080
626106
626128
626303
626407
626473
626591
626632
626730
626920
627123
627144
627605
627799
628061
628161
628180
628224
628235
628539
628715
628805
628874
628889
629041
629144
629144
629306
629497
629874
630002
630122
630222
630615
630735
630740
630786
630804
631026
631036
631060
631225
631261
631269
631673
631750
631810
631855
632280
632340
632365
632375
632407
632716
632775
632861
632889
632982
633144
633148
633167
633215
633241
633493
633619
633624
633794
633797
633928
633935
634111
634158
634266
634304
634361
634454
634556
634575
634710
634807
634859
635161
635293
635324
635462
635507
635544
635602
635625
635681
635744
635755
636035
636505
636637
636722
636732
636771
636944
637043
637069
637115
637205
637216
637413
637581
637963
638023
638027
638158
638221
638246
638456
638983
639074
639212
639310
639508
639759
640097
640229
640475
640749
640753
640782
640996
641208
641329
641357
641466
641594
641631
641799
641855
642123
642177
642188
642382
642443
642671
642736
642932
643069
643160
643161
643218
643250
643321
643433
643452
643565
643624
643671
643896
643930
643971
643983
644118
644118
644155
644209
644245
644274
644386
644424
644565
644631
644686
644735
644986
645029
645123
645145
645176
645232
645252
645470
645482
645822
645867
645887
645983
646095
646456
646578
646600
646667
646692
646858
646886
647140
647150
647232
647314
647350
647362
647391
647429
647611
647717
647873
648017
648087
648214
648361
648475
648493
648688
648829
648855
648916
648927
648933
648942
648964
649038
649120
649131
649179
649288
649288
649336
649345
649359
649515
649524
649668
649983
650131
650443
650475
650486
650652
650765
651037
651078
651124
651284
651428
651562
651576
651782
651902
651989
652228
652230
652252
652328
652468
652520
652521
652702
652725
653059
653096
653222
653318
653958
654023
654402
654492
654665
654765
654816
655155
655208
655284
655288
655305
655334
655413
655599
655808
656040
656214
656316
656635
656681
656922
657015
657018
657060
657160
657296
657432
657464
657547
657557
657799
657881
657912
658046
658499
658618
658788
658880
658967
658984
658985
659096
659274
659292
659367
659430
659509
659572
659613
659842
659912
659947
660718
660780
660907
661080
661103
661126
661304
661479
661571
661648
661725
661783
661964
662030
662041
662157
662185
662553
662631
662633
662750
662960
662963
663089
663205
663445
663561
663582
663602
663672
663673
663750
663862
664076
664163
664318
664410
664415
664479
664508
664684
664690
664787
664806
664962
664982
664987
665189
665246
665246
665350
665382
665513
665554
665636
665759
665823
665876
666175
666283
666609
666639
666732
666751
666814
666831
666899
667127
667133
667144
667215
667270
667273
667279
667605
667606
667808
668163
668190
668230
668286
668545
668611
668770
668845
668906
668932
668987
669114
669190
669211
669248
669274
669535
669836
669883
670016
670074
670092
670105
670270
670271
670342
670544
670724
670951
670996
671001
671026
671066
671257
671271
671379
671497
671512
671616
671720
671867
671869
671873
671922
671952
672134
672230
672275
672334
672354
672378
672434
672583
672640
672814
672866
673010
673121
673256
673430
673509
673532
673536
673550
673645
673711
673728
673802
673839
673840
673933
674059
674177
674193
674194
674271
674382
674591
674630
674740
674947
675009
675081
675134
675263
675287
675307
675321
675354
675615
675640
675683
675877
675970
675979
676068
676074
676101
676249
676371
676448
676675
676681
676721
676726
676827
676883
676902
676971
677089
677170
677258
677329
677335
677406
677493
677510
677636
677702
677909
678302
678406
678413
678455
678611
678768
678845
678967
678981
679180
679262
679263
679312
679491
679515
680045
680335
680404
680501
680555
680692
680757
680792
680854
680906
681007
681249
681297
681329
681358
681402
681431
681459
681626
681673
681698
681732
681748
681879
681988
682100
682115
682438
682443
682494
682536
682560
682740
682741
682826
682844
682952
683024
683149
683160
683238
683379
683536
683547
683549
683785
683880
683985
684121
684197
684494
684676
684680
684732
684779
684942
685015
685020
685074
685112
685122
685124
685291
685302
685376
685473
685510
685533
685660
685811
685892
686062
686100
686155
686211
686263
686277
686423
686498
686505
686517
686523
686635
686641
686760
686789
686961
686982
686993
687030
687126
687285
687521
687528
687658
687696
687886
688010
688259
688272
688280
688316
688344
688367
688374
688409
688419
688595
688622
688734
688804
688895
689204
689363
689464
689464
689489
689689
689937
689943
690091
690396
690511
690613
690626
690746
690862
691082
691218
691231
691348
691360
691370
691461
691491
691509
691517
691712
691741
691791
691792
692004
692231
692276
692282
692323
692518
692771
692787
692805
692860
692867
692891
693014
693078
693087
693148
693213
693224
693231
693783
694026
694059
694068
694207
694213
694358
694372
694580
694623
694738
694751
694817
694909
695150
695167
695426
695536
695616
695717
695720
695942
695976
696002
696219
696435
696466
696474
696474
696534
696598
696989
697036
697094
697111
697341
697435
697509
697755
698057
698104
698341
698391
698447
698506
698578
698825
698945
699035
699392
699401
699412
699654
699854
699862
699862
699880
699928
700021
700082
700309
700337
700559
700592
700723
700730
700927
701154
701430
701572
701574
701648
702092
702152
702238
702737
703039
703218
703505
703616
703812
703821
703895
703993
704052
704095
704116
704206
704352
704485
704497
704498
704535
704536
704739
704867
704924
705034
705060
705218
705399
705510
705584
705646
705775
705810
706052
706099
706203
706301
706346
706359
706441
706669
706725
706748
706776
706816
706988
707120
707178
707233
707335
707336
707546
707569
707677
707771
707795
707931
708024
708174
708313
708455
708563
708598
708781
708840
708902
708948
709094
709119
709139
709183
709224
709250
709299
709437
709481
709608
709632
709738
709772
709805
709810
709816
709842
709891
709920
709990
710290
710356
710778
710858
710948
710952
711027
711069
711218
711376
711427
711445
711479
711688
711735
711803
711946
712104
712142
712197
712210
712448
712531
712586
713115
713155
713304
713316
713569
713833
714010
714076
714082
714187
714271
714538
714670
714726
714815
714834
714837
715079
715128
715271
715286
715536
715543
715596
715654
715672
715686
715773
715825
715859
715922
715922
716030
716092
716245
716268
716315
716416
716428
716438
716508
716753
716820
717054
717131
717309
717342
717357
717476
717532
717673
717938
718171
718172
718194
718230
718235
718250
718367
718403
718542
718667
718705
718746
718752
718888
719107
719144
719152
719220
719293
719359
719476
719697
719868
719886
720004
720053
720171
720201
720434
720476
720541
720584
720767
720868
720911
720985
721244
721399
721475
721507
721542
721547
721721
721840
721973
722079
722093
722151
722162
722169
722330
722399
722542
722640
722763
722807
722832
722871
722904
723096
723195
723197
723293
723365
723413
723443
723513
723573
723625
723663
723896
723996
724083
724107
724123
724149
724282
724308
724380
724398
724587
724690
724871
724947
725077
725093
725194
725326
725364
725364
725448
726118
726261
726328
726355
726401
726513
726580
726701
726814
726875
726903
727108
727246
727282
727371
727667
727738
727851
727873
727910
728115
728185
728247
728450
728470
728477
728626
728639
728641
728648
728681
728738
728815
728836
728873
728939
729335
729366
729372
729648
729650
729757
729770
729774
729847
729861
730160
730287
730294
730339
730478
730493
730710
730901
730911
731084
731173
731443
731559
731950
731990
731993
732063
732098
732192
732244
732450
732452
732682
733112
733117
733138
733228
733379
733516
733567
733660
733687
733850
734005
734184
734230
734233
734456
734544
734658
734665
735151
735397
735425
735475
735528
735532
735547
735639
735652
735661
736004
736103
736182
736207
736408
736473
736552
736598
736629
736700
736784
736959
737131
737190
737204
737275
737398
737455
737567
737569
737585
737711
737758
737773
737882
738003
738026
738200
738201
738244
738370
738436
738442
738753
738898
739036
739066
739087
739149
739306
739394
739734
739835
740062
740190
740248
740431
740565
740570
740575
740629
740764
740909
740972
741170
741235
741241
741311
741393
741417
741440
741631
741635
741641
741693
741728
741746
741785
741873
741877
741964
742027
742134
742201
742273
742508
742587
742596
742659
742696
743032
743147
743153
743180
743199
743338
743369
743435
743497
743648
743651
743683
743822
743856
744090
744118
744226
744440
744458
744468
744680
744827
745013
745211
745485
745580
745613
745985
746346
746406
746411
746476
746570
746582
746586
746725
746876
746896
747025
747122
747131
747329
747480
747576
747605
747606
747648
747689
748074
748088
748112
748166
748418
748647
748869
748957
749089
749281
749292
749475
749495
749697
749915
750087
750096
750343
750355
750614
750817
750830
750981
751066
751206
751298
751353
751420
751526
751545
751581
751694
751935
751977
752000
752052
752391
752507
752694
752745
752819
752997
753002
753023
753208
753350
753373
753573
753608
753763
753871
753882
754085
754122
754133
754143
754181
754456
754504
754539
754639
754676
754682
754693
754792
755099
755108
755126
755231
755236
755469
755548
755555
755707
755822
755910
755955
755982
756015
756133
756220
756427
756476
756550
756708
756868
756918
756945
757101
757217
757410
757417
757782
757799
757819
758185
758186
758242
758299
758556
758727
758926
759132
759196
759342
759417
759490
759631
759809
759952
760109
760295
760388
760639
760771
760949
760995
761173
761179
761463
761469
761754
761846
761955
762042
762069
762158
762187
762311
762356
762394
762399
762606
762848
763367
763370
763439
763547
763641
763793
763796
763800
763840
763951
764084
764088
764135
764534
764539
764817
765021
765033
765789
765810
765833
765947
765956
765959
765989
766045
766056
766305
766352
766515
767010
767467
767590
768055
768061
768212
768311
768358
768431
768449
768451
768472
768560
768635
768859
768888
768964
768990
769031
769194
769278
769346
769452
769574
769661
769764
769784
769788
769869
769926
770085
770185
770202
770411
770619
770762
771091
771284
771285
771368
771479
771555
771644
771701
771865
771990
772055
772138
772216
772477
772559
772688
772796
772855
772968
772990
773001
773266
773366
773424
773426
773534
773655
773660
773664
773713
773728
773962
774120
774375
774410
774448
774604
774712
774801
774810
774955
775050
775170
775175
775602
775612
775639
775811
775965
776411
776670
776802
776853
776889
776934
777031
777098
777155
777314
777509
777519
777530
777552
777682
777992
778321
778330
778448
778624
778761
778844
778902
778913
779035
779039
779354
779364
779406
779423
779479
779534
779617
779697
779924
779958
780085
780094
780214
780266
780305
780554
780605
780609
780727
780740
780829
781107
781159
781212
781376
781475
781498
781647
781762
781897
781978
782064
782243
782322
782333
782355
782431
782542
782612
782653
782775
782801
782804
782880
782931
783088
783254
783416
783596
783612
783742
783838
783849
783977
783977
783996
784010
784060
784114
784155
784570
784650
784706
784901
784942
784942
784994
785052
785068
785170
785190
785202
785215
785499
785674
785773
785793
785814
785888
785892
785979
786167
786208
786253
786366
786407
786914
786999
787043
787329
787365
787489
787542
787606
787643
787783
787853
787898
788025
788178
788278
788349
788360
788479
788499
788580
788580
788591
788854
788996
789048
789211
789243
789261
789409
789494
789733
789747
789781
789791
789876
789886
789939
790071
790098
790141
790457
790478
790582
790667
790697
790736
790815
790883
790936
791006
791146
791304
791612
791775
791994
792021
792410
792446
792466
792784
792817
792846
792917
792952
793002
793023
793058
793083
793114
793130
793199
793417
793513
793586
793691
794130
794560
794679
794688
794713
794900
795005
795410
795697
795704
795788
796117
796138
796168
796192
796230
796232
796526
796589
796635
796820
796833
796854
796870
796870
797039
797079
797127
797200
797214
797216
797262
797282
797285
797312
797350
797374
797518
797519
797548
797558
797560
797792
797998
798266
798270
798347
798419
798570
798603
798688
798784
798854
798974
799152
799184
799207
799336
799586
799941
799944
799952
800063
800321
800461
800536
800879
800948
801063
801396
801423
801447
801498
801524
801551
801606
801632
801694
801705
801737
801778
801933
802089
802276
802465
802530
802846
803038
803108
803267
803370
803375
803405
803747
803773
803999
804074
804113
804134
804191
804327
804553
804657
804736
804889
804962
805260
805310
805398
805468
805663
805833
805924
805939
806009
806060
806072
806083
806263
806374
806418
806438
806487
806508
806534
806768
806904
807015
807049
807196
807224
807432
807602
807648
807669
807702
807720
807784
807825
807952
808028
808156
808217
808385
808850
808940
808950
809035
809091
809206
809602
809727
809845
810001
810015
810168
810318
810745
810834
810843
810884
810992
811019
811029
811049
811126
811218
811258
811320
811478
811481
811533
811557
811607
811612
811660
811797
811844
812051
812170
812223
812328
812476
812589
812648
812724
812790
812795
812953
813097
813134
813224
813371
813381
813498
813693
813878
813962
814135
814304
814514
814528
814592
814677
814799
815220
815417
815703
815754
815768
815835
816074
816101
816140
816327
816473
816629
816919
817398
817447
817473
817504
817772
817836
817855
817862
818189
818220
818310
818442
818563
818698
818704
818932
818936
819010
819011
819259
819604
819614
819902
820279
820362
820420
820441
820584
820605
820626
820748
820818
820897
820927
820973
820994
821071
821078
821133
821160
821186
821208
821491
821512
821550
821831
822192
822221
822359
822393
822416
822784
822888
822907
823102
823149
823663
823692
823744
823812
823836
823870
823911
823998
824052
824098
824530
824624
824638
824647
824803
824874
824980
825128
825179
825255
825316
825320
825373
825390
825621
825630
825631
825731
825732
825776
825958
826131
826207
826544
826550
826591
826703
826814
826816
826843
826914
827039
827178
827348
827430
827432
827440
827473
827521
827542
827751
827826
827905
828015
828020
828063
828183
828214
828275
828279
828317
828463
828783
828816
828818
828922
828971
829071
829274
829297
829393
829494
829556
829570
829588
829689
829773
829858
830233
830357
830568
830774
830839
830984
830994
831087
831114
831120
831155
831246
831291
831331
831422
831429
831488
831500
831521
831654
831751
831821
832179
832242
832299
832446
832546
833001
833054
833142
833339
833415
833507
833885
833966
834014
834362
834450
834451
834617
834685
834781
834856
834986
835016
835153
835294
835567
835778
835803
836162
836249
836368
836449
836596
836686
836803
836819
836882
837313
837366
837561
837596
837839
837895
837897
837984
838202
838221
838259
838283
838404
838597
838847
838848
838960
839176
839176
839303
839358
839358
839370
839397
839601
839670
839706
839738
840202
840576
841005
841131
841165
841297
841322
841366
841384
842073
842136
842180
842342
842373
842405
842421
842424
842666
842736
842839
842892
842895
843039
843200
843217
843252
843255
843390
843434
843574
843587
844280
844385
844408
844543
844858
844889
844950
844955
844983
845027
845144
845158
845305
845394
845460
845487
845840
845942
845952
846040
846230
846463
846734
846829
847076
847214
847347
847435
847708
847922
847989
848212
848400
848612
848627
848832
848848
848991
848994
849017
849229
849423
849589
850034
850158
850242
850281
850339
850415
850579
850598
850890
850927
850985
851071
851139
851160
851240
851331
851480
851486
851827
851991
852043
852172
852204
852266
852320
852337
852354
852387
852427
852627
852727
852741
853010
853027
853097
853277
853543
853815
853816
853847
853850
853929
854157
854169
854282
854337
854359
854364
854481
854542
854712
854804
854848
854853
854982
855054
855281
855319
855401
855867
855886
856042
856069
856105
856157
856390
856406
856499
856502
856558
856585
856626
856710
856716
856756
856790
856829
857004
857025
857075
857277
857450
857987
858030
858148
858157
858341
858373
858409
858470
858594
858610
858694
858793
858883
858935
859002
859147
859217
859337
859346
859351
859366
859436
859451
859453
859488
859672
859707
859825
859911
859930
860163
860189
860547
860552
860651
860716
860720
860755
860759
860965
861005
861055
861064
861115
861120
861366
861382
861413
861478
861868
861887
861915
862092
862111
862115
862198
862235
862366
862420
862497
862721
862850
862912
863025
863031
863048
863141
863204
863316
863351
863365
863463
863526
863761
864035
864041
864071
864195
864272
864444
864564
864892
864966
864988
865055
865086
865182
865195
865230
865245
865329
865336
865443
865564
865778
865865
865947
865960
865962
865994
866103
866283
866286
866326
866429
866433
866568
866868
866902
866974
867005
867039
867067
867131
867352
867545
867545
867559
867787
868005
868049
868091
868204
868245
868285
868348
868395
868559
868756
868798
868978
869013
869040
869108
869256
869429
869610
869700
869789
869863
869886
870073
870164
870172
870185
870316
870406
870440
870540
870829
870968
871181
871272
871328
871447
871508
871640
871789
871847
871896
872008
872051
872067
872299
872490
872600
872751
872842
872989
873079
873595
873638
873713
873908
874032
874327
874421
874514
874750
874769
875078
875280
875495
875825
875890
875927
875946
876057
876097
876275
876285
876346
876516
876671
876685
876797
876932
876935
876949
876956
877022
877163
877259
877355
877476
877638
878090
878095
878184
878227
878247
878254
878505
878599
878620
878811
878812
878841
878950
879032
879124
879207
879470
879575
879693
879698
879772
879982
880024
880035
880060
880078
880205
880294
880345
880459
880570
880619
880627
880723
880726
881227
881309
881375
881441
881597
882091
882196
882199
882275
882310
882330
882447
882564
882611
882675
882697
882818
882850
882883
882929
883042
883397
883412
883665
883759
883760
883770
883832
883860
883955
884115
884127
884251
884347
884460
884472
884504
884568
884623
884666
884674
884890
884895
884907
884970
885091
885116
885223
885241
885310
885609
885633
885766
885773
885820
885996
886069
886135
886213
886280
886428
886509
886529
886540
886562
886691
886729
886788
886811
886861
886892
886908
886952
887058
887455
887603
887720
887735
887737
887823
887855
887941
887942
888059
888082
888126
888195
888491
888626
888678
888756
888896
888974
888987
889002
889097
889194
889208
889359
889409
889414
889415
889906
890044
890097
890187
890191
890412
890448
890773
890843
890897
890916
890984
891012
891055
891187
891244
891328
891356
891379
891420
891976
892040
892087
892158
892320
892420
892553
892558
892661
892882
892975
893015
893318
893565
893841
893964
894118
894173
894192
894254
894314
894386
894414
894540
894568
894702
894958
894960
895139
895143
895155
895303
895527
895618
895758
895893
895926
896433
896490
896562
896645
896782
896912
896921
897015
897046
897116
897366
897432
897492
897514
897618
897641
897669
897678
897946
898154
898185
898240
898317
898511
898559
898588
898662
898918
899158
899247
899263
899741
899745
900098
900129
900166
900174
900307
900324
900451
900615
900725
900736
900938
901025
901032
901103
901370
901465
901594
901662
901724
901746
901784
901803
901949
902117
902304
902360
902437
902649
902790
902956
903098
903140
903361
903427
903450
903483
903498
903519
903614
903631
903676
903835
903898
903959
904196
904242
904289
904301
904377
904527
904742
904890
904898
904954
904977
905071
905111
905164
905204
905403
905411
905644
905714
905966
905992
906019
906083
906178
906494
906588
906620
906841
906911
906960
907119
907142
907147
907311
907555
907586
907793
907795
908010
908013
908029
908162
908254
908266
908300
908601
908646
908684
908744
908878
908895
909314
909343
909475
909486
909752
909769
910016
910023
910210
910318
910341
910532
910629
910703
910754
910786
910818
910990
911015
911104
911192
911391
911534
911575
911690
911797
911809
911882
911891
911953
912256
912259
912351
912386
912477
912529
912655
912721
912772
912840
912916
912940
913093
913129
913360
913493
913629
913735
913783
913834
913863
913900
913927
913935
913973
913997
914422
914536
914548
914679
914694
914756
914906
915088
915097
915118
915228
915397
915574
915616
915621
915737
915763
915786
915967
916325
916409
916583
916588
916824
916871
916939
917189
917424
917523
917596
917628
917693
917719
917721
917728
917830
918147
918150
918205
918235
918272
918295
918305
918610
918765
918831
918899
918941
919023
919101
919159
919331
919550
919880
919881
920135
920206
920213
920303
920304
920669
920672
920755
920938
921038
921057
921080
921283
921332
921580
922114
922312
922352
922361
922409
922512
922524
922585
922714
922768
922907
923083
923172
923209
923491
923596
923650
923801
923807
923830
923853
923888
924038
924181
924320
924336
924357
924379
924438
924900
924950
924971
924982
925147
925257
925274
925314
925396
925480
925670
925694
925791
925898
926117
926134
926435
926646
926884
926972
926981
927029
927031
927172
927231
927243
927262
927444
927595
927607
927619
927664
927733
927745
927783
927805
928012
928055
928081
928092
928258
928478
928603
928606
928722
928919
928941
928989
929044
929530
929568
929659
929866
930089
930166
930345
930384
930450
930628
930774
930900
930935
931077
931168
931254
931359
931422
931423
931454
931650
931679
931683
931761
931854
931864
931874
931927
932135
932174
932305
932314
932393
932821
932892
932945
932986
933074
933390
933529
933556
933611
933749
933873
933979
934152
934374
934377
934471
934689
934747
934801
934866
934992
935013
935150
935207
935369
935454
935612
935651
935779
935805
935845
936057
936248
936277
936296
936531
936542
937056
937089
937492
937574
937622
937679
937742
937750
937753
937805
937979
938013
938090
938111
938163
938323
938614
938692
938693
939068
939201
939383
939485
939561
939564
939579
939606
939632
939639
939769
939826
939890
939970
939994
940269
940373
940421
940578
940646
940780
940887
940899
940923
941074
941173
941317
941495
941577
941683
941684
941909
942039
942126
942176
942213
942219
942420
942655
942807
943011
943165
943237
943276
943310
943556
943769
943782
943814
943975
944239
944427
944480
944485
944582
944671
944777
944787
945392
945609
945672
945784
946316
946350
946398
946413
946465
946472
946729
946982
947063
947091
947116
947227
947391
947579
947586
947701
947846
947878
948107
948257
948290
948404
948503
948719
948729
948870
948905
949074
949111
949179
949221
949261
949471
949561
949623
949785
949857
949870
949882
950071
950105
950110
950442
950460
950489
950626
950698
950718
950744
950815
951017
951086
951234
951277
951485
951569
951728
951768
951776
951905
951906
951997
952017
952061
952166
952168
952207
952459
952509
953084
953235
953340
953472
953484
953512
953588
953612
953683
953719
953805
953829
953856
954059
954213
954248
954372
954445
954689
954779
954818
954886
955127
955149
955400
955436
955475
955533
955654
955659
955660
955704
955741
955787
955810
955938
956126
956209
956279
956432
956476
956606
956682
956702
956995
957020
957057
957065
957169
957170
957173
957179
957250
957264
957381
957415
957421
957422
957453
957498
957534
957619
957851
957884
957937
958018
958118
958216
958218
958352
958560
958581
958608
958618
958842
958892
959245
959265
959300
959356
959419
959421
959560
959782
959847
959925
959950
960044
960158
960179
960291
960421
960572
960610
960843
960868
961080
961102
961119
961197
961241
961318
961322
961361
961481
961587
961605
961687
961710
961719
961906
962167
962184
962199
962363
962464
962520
962584
962704
963041
963272
963327
963327
963352
963382
963472
963721
963734
963807
963841
963935
964010
964089
964358
964415
964617
964619
964622
964732
964894
965037
965045
965199
965353
965366
965745
965776
965822
965915
966229
966245
966274
966463
966583
966587
966686
966698
966920
966966
967029
967143
967276
967357
967451
967540
967549
967566
967654
967662
967990
968047
968096
968164
968387
968447
968477
968598
968664
968704
968869
968989
969350
969352
969442
969477
969482
969733
969750
969795
969812
969870
969989
970127
970194
970301
970366
970389
970454
970499
970511
970561
970592
970596
970798
970803
970805
970845
971110
971134
971149
971205
971216
971338
971548
971560
971616
971748
971956
971965
972048
972049
972454
972479
972535
972666
972829
972843
972938
973023
973025
973027
973100
973110
973224
973368
973736
973931
974210
974219
974235
974304
974715
974798
974800
974910
974954
975042
975098
975120
975148
975440
975515
975642
975670
975674
975779
975805
975871
975893
975955
976012
976040
976293
976299
976328
976343
976568
976633
976837
976883
977129
977635
977726
977791
977811
977974
978043
978172
978446
978514
978528
978573
978649
978809
978871
978885
978982
979106
979269
979294
979297
979375
979385
979388
979407
979413
979431
979531
979588
979759
979795
980103
980178
980329
980360
980496
980518
980794
980937
980938
981310
981335
981762
981812
981995
982083
982209
982270
982774
982844
982890
983039
983045
983153
983208
983307
983337
983485
983656
983701
983773
983780
983796
983852
984031
984048
984127
984314
984403
984605
984716
984921
985017
985121
985276
985331
985441
985574
985797
986068
986077
986343
986742
986794
986842
986900
986901
987080
987275
987323
987499
987500
987518
987684
987963
987989
988207
988209
988355
988530
988681
988705
988721
988806
988998
989065
989156
989167
989181
989284
989298
989333
989368
989390
989458
989544
989601
989788
989791
989841
989924
990061
990076
990154
990396
990428
990540
990660
990929
990939
991021
991066
991383
991385
991450
991501
991598
991610
991660
991720
991740
991766
991931
991933
991968
991983
992196
992256
992549
992641
992643
992835
992990
993057
993210
993220
993242
993281
993342
993390
993490
993518
993629
993673
993735
993746
993747
993909
994361
994521
994522
994592
994806
994845
995188
995272
995300
995368
995407
995469
995557
995572
995799
995936
996270
996308
996503
996543
996593
996600
996614
996641
996795
996840
996849
996871
997087
997170
997249
997605
997704
997786
998018
998044
998372
998481
998522
998558
998721
998740
999015
999113
999307
999437
999670
999773
999796
999907
999908
999910
999943
